Last position-specific scoring matrix computed, values are in halfbits
A R N D C Q E G H I L K M F P S T W Y V
1 A 1.893 0.673 0.036 -4.031 -3.223 -2.734 -3.94 -0.21 -0.981 -1.227 -0.833 1.964 -0.495 0.161 -4.968 1.87 0.184 -4.475 0.663 0.383
2 L 0.371 -4.655 -4.581 -5.635 -2.86 -1.237 -5.307 -3.769 -4.606 1.457 4.371 -4.647 4.551 -2.488 -5.885 -2.971 -2.139 -4.597 -3.958 0.865
3 D 1.674 -4.337 -1.321 2.745 -3.34 -0.385 -1.999 -1.931 -2.093 1.284 0.548 -3.281 2.189 0.208 -1.045 -1.131 -1.567 1.64 0.684 0.394
4 D -1.077 -3.181 -0.244 3.586 -4.281 0.448 3.026 0.128 -1.819 -4.9 -4.931 -0.682 -3.556 -4.412 3.472 -0.021 -1.712 -5.643 -3.304 -3.255
5 K -0.415 0.284 0.093 0.413 -3.817 -0.597 0.886 0.418 0.644 0.376 -1.375 1.066 -0.273 1.288 0.198 -1.187 0.119 -1.486 0.015 -1.09
6 L -2.001 -3.897 -0.687 -2.459 -3.232 0.116 -1.215 -1.449 -0.852 2.758 1.503 -3.738 1.595 -0.064 1.371 -0.965 -0.194 -4.815 -2.408 2.184
7 V -0.165 0.353 -0.568 -2.66 -3.476 0.779 0.219 -4.416 2.655 0.173 -0.591 -0.408 0.347 0.584 0.199 -0.15 1.187 -3.402 0.122 1.362
8 E -0.534 0.822 0.656 -2.174 -3.731 1.683 1.965 0.176 0.384 -2.863 -0.926 1.103 0.214 -0.738 -3.465 0.786 1.383 -4.904 -3.348 -1.496
9 V 0.904 -5.011 -5.632 -5.839 -2.629 -5.144 -5.576 -5.212 -5.105 1.495 3.133 -4.937 2.29 -2.376 -5.852 -4.814 -2.98 -4.835 -4.003 4.693
