Last position-specific scoring matrix computed, values are in halfbits
A R N D C Q E G H I L K M F P S T W Y V
1 A 2.221 1.346 -3.674 -8.308 -6.575 0.757 -3.821 0.943 1.831 -0.892 -0.607 1.17 -0.285 -0.434 -7.891 0.889 0.465 -2.622 0.853 -0.735
2 E -7.852 -6.77 -7.268 -5.104 -9.342 -5.266 7.773 -8.88 -6.54 -9.695 -9.634 -6.255 -8.685 -9.54 -8.814 -7.723 -8.233 -9.32 -8.84 -9.066
3 I 0.532 -1.721 0.25 0.569 -0.756 -0.358 -0.832 -1.76 2.131 1.523 -0.943 -0.562 0.252 1.583 -3.808 -0.89 -0.242 -0.315 2.026 0.661
4 E -0.601 -1.293 -0.537 1.232 -2.379 0.571 1.812 0.172 0.493 -0.333 -0.581 -0.106 -2.496 -0.483 2.235 -0.685 -0.693 -2.379 -1.942 -0.623
5 K -0.766 0.691 0.044 -0.444 -1.681 0.47 -0.419 0.452 2.174 -1.176 -0.951 1.153 -1.926 1.126 1.535 -0.082 -0.427 -0.976 -0.953 -1.135
6 L -0.247 -0.862 -1.281 -4.183 -1.872 1.225 -1.714 -0.628 0.44 1.114 0.289 -0.175 0.291 2.186 0.652 -0.729 0.139 0.19 -1.357 1.124
7 L -0.611 1.465 0.33 -2.428 0.614 1.113 0.159 -3.573 1.782 0.355 0.476 -0.254 -1.632 -2.396 1.128 -0.574 0.705 -2.608 -1.705 0.671
8 K -0.861 1.689 -0.232 -4.509 -0.458 1.412 0.68 -2.276 1.369 -2.056 -0.41 2.334 -1.593 -1.603 -6.834 0.311 1.649 -3.551 -0.456 0.353
9 V -3.053 -9.502 -7.984 -10.042 -6.107 -8.206 -10.051 -8.901 -6.983 5.356 1.134 -9.333 -0.242 -3.925 -7.787 -8.976 -4.152 -9.066 -7.69 5.183
