Last position-specific scoring matrix computed, values are in halfbits
A R N D C Q E G H I L K M F P S T W Y V
1 R 1.956 3.905 -3.739 -5.568 -3.287 0.144 -3.667 -1.752 2.865 -1.483 -3.139 2.154 -0.899 -3.768 -5.726 1.196 0.016 -3.861 -0.98 -0.836
2 D -4.239 -4.76 -3.799 6.109 -6.536 -1.964 5.112 -4.379 -4.432 -7.014 -7.363 -4.127 -6.474 -7.075 -2.881 -1.944 -5.572 -7.262 -6.75 -6.744
3 L -0.903 -2.868 0.536 -1.031 -0.77 1.078 -3.358 -2.937 2.705 -1.668 2.491 -2.356 2.486 1.118 0.675 0.636 -3.282 -0.508 0.88 -1.386
4 L -0.323 -2.361 -1.968 -2.666 -1.976 1.437 1.877 -1.621 -1.868 0.999 1.373 -0.774 0.106 -2.699 2.895 -2.239 -1.248 -3.292 -3.013 0.646
5 R -2.206 6.083 -2.933 -5.409 -3.067 -2.433 -3.062 -3.724 5.458 -2.953 -3.879 1.489 -3.948 -5.499 0.138 -3.438 -2.34 -3.405 -3.476 -1.888
6 V -0.027 0.087 0.041 -3.599 0.279 -0.013 -1.739 -2.256 3.347 0.989 0.002 0.134 -2.263 0.786 -0.915 -0.436 0.101 -0.667 -0.35 1.711
7 V 0.707 -2.015 -0.341 -2.553 0.007 0.248 0.393 -2.629 2.974 0.522 0.132 -1.014 1.115 0.648 -2.155 -0.347 -1.295 0.516 1.855 1.176
8 G 0.426 0.57 0.093 -3.656 -1.402 1.753 0.051 1.367 1.133 -3.558 -0.837 0.817 -2.088 -0.908 -3.182 1.167 1.191 -6.3 -1.245 -0.454
9 F -4.099 -6.74 -7.301 -7.636 -3.843 -7.145 -7.52 -7.308 -5.92 0.194 3.436 -6.935 3.682 6.023 -8.071 -7.104 -5.422 -4.834 -2.929 1.973
