Last position-specific scoring matrix computed, values are in halfbits
A R N D C Q E G H I L K M F P S T W Y V
1 F 0.123 -0.345 -3.78 -8.385 -5.422 -5.546 -7.821 -3.347 0.029 -1.103 -1.404 -0.726 -2.763 5.17 -9.212 1.675 -2.412 -0.972 4.927 0.015
2 A 5.228 -7.214 -6.564 -7.465 -2.58 1.99 -7.546 -1.573 -7.504 0.777 -1.768 -7.179 -3.584 -6.367 -7.731 0.771 0.679 -8.698 -7.983 0.466
3 K 0.796 0.847 1.234 -4.156 -1.735 -2.488 -4.804 -4.219 1.074 1.3 -4.841 2.663 -0.04 2.303 -2.915 0.25 -1.527 -5.983 3.468 -0.588
4 P -0.567 -2.503 0.04 2.47 -5.728 -0.311 0.282 1.947 0.121 -4.427 -3.834 0.139 -3.36 -2.217 3.45 0.864 -0.662 -2.213 -1.554 -2.966
5 I -1.567 0.65 0.443 -1.288 -3.801 -0.472 -2.826 0.269 3.049 1.852 -0.287 0.698 -1.703 1.082 -0.006 -0.463 -1.288 0.389 0.687 -0.302
6 V -0.421 -1.286 -1.063 -3.79 -1.098 -0.284 -1.915 -0.518 0.048 1.711 0.547 -1.327 -0.613 0.123 1.31 -1.124 1.519 -6.53 -0.64 1.966
7 S -0.535 -0.675 -1.607 -2.481 -1.45 1.503 -0.169 -3.091 1.956 1.037 0.286 0.467 0.099 -1.98 -0.903 1.092 0.455 0.972 -0.536 0.923
8 E -2.108 0.464 -0.678 -3.595 -2.163 1.017 1.966 -1.858 1.238 -1.451 -0.842 0.975 -1.034 1.049 -6.798 0.011 1.537 -2.694 1.979 0.761
9 F -5.886 -8.555 -7.192 -9.43 -5.499 -8.797 -5.753 -8.708 -3.067 -2.091 1.28 -7.767 2.833 5.885 -9.992 -8.505 -6.394 -5.586 6.306 1.396
