Last position-specific scoring matrix computed, values are in halfbits
A R N D C Q E G H I L K M F P S T W Y V
1 S 0.104 -0.107 0.254 -5.824 -1.032 -1.274 -5.22 -3.151 -0.017 0.678 -1.09 0.122 0.806 2.417 -5.949 1.737 0.651 -5.506 2.302 1.637
2 A 3.025 -6.783 -6.066 -7.119 0.86 -4.089 -7.151 -0.408 -6.179 2.179 1.294 -6.621 1.033 -0.003 -5.649 1.818 -0.013 -3.472 -5.679 1.578
3 P -2.546 -6.951 -1.814 -5.781 -3.818 -1.544 -4.033 -5.113 -2.947 -1.415 -4.204 -5.139 -3.427 -4.681 7.828 -4.011 -5.151 -6.179 -3.954 -6.314
4 E -0.054 -1.978 -1.347 1.138 -2.856 -0.165 1.821 0.917 -0.695 -1.579 -1.12 -1.311 -2.118 0.02 1.493 0.637 -0.43 -1.722 -0.464 0.4
5 A 1.104 1.218 0.101 -1.51 -1.395 -1.257 -2.372 1.386 1.532 -1.835 -3.206 -0.719 -2.744 0.416 1.389 1.032 0.785 -0.455 0.122 -0.6
6 T 1.057 0.538 -0.821 -2.15 -0.896 -0.671 -2.193 0.084 -0.021 -0.151 -0.642 -0.803 -0.561 0.797 -0.63 0.124 1.854 0.037 -0.539 0.996
7 S 0.44 1.161 0.586 -2.906 -0.764 1.239 -1.487 -2.428 1.974 -0.425 0.086 -0.337 -0.105 -5.066 -1.29 2.015 1.659 -3.8 -4.514 -0.434
8 A 2.93 -3.619 -1.892 -2.132 0.619 -0.593 2.213 -2.039 0.082 -4.476 -4.778 -4.393 -3.409 -2.464 0.773 2.775 0.793 -3.174 -0.684 -0.482
9 L -3.307 -7.36 -8.342 -8.607 -2.653 -7.702 -8.338 -8.302 -6.708 -0.247 5.801 -7.555 2.525 -0.37 -7.76 -8.007 -5.045 -6.77 -6.006 0.501
