Last position-specific scoring matrix computed, values are in halfbits
A R N D C Q E G H I L K M F P S T W Y V
1 F 0.809 -0.32 -0.493 -8.149 -2.256 -1.6 -6.266 -5.524 -0.047 0.444 -1.319 0.176 0.587 4.001 -9.37 0.494 -0.35 -3.811 3.758 1.274
2 A 5.244 -9.412 -2.351 -9.413 0.683 -1.722 -8.715 -1.625 -7.94 -1.497 -2.918 -8.951 -1.374 -0.057 -8.922 2.512 0.705 -2.897 -6.974 -1.212
3 S 1.682 -0.286 0.923 -5.039 -3.02 0.481 -5.765 -3.287 -0.229 -0.365 -2.8 -1.058 1.376 0.265 -4.119 2.398 2.888 -2.516 0.599 -0.587
4 E -0.9 -4.654 -0.574 2.133 -5.53 -0.157 2.106 -0.61 -0.576 -1.036 -0.55 -2.264 -1.517 -0.178 2.667 -0.041 -0.462 -0.05 -0.374 -0.276
5 R -1.013 4.141 -0.632 -3.537 -3.944 -0.495 -2.892 -1.363 1.992 -0.977 -1.113 0.647 -1.707 0.976 0.499 -1.763 -1.778 1.326 1.247 0.675
6 R -0.136 1.775 -0.678 -2.611 -2.811 -0.4 -1.264 -1.041 1.572 1.03 -0.286 -0.186 -2.004 1.136 1.139 -0.405 -0.119 -2.221 0.034 0.694
7 R -2.912 3.923 -1.915 -3.097 -5.827 0.106 -1.124 -5.768 3.068 0.166 0.975 0.474 -1.972 -0.175 0.293 -3.06 -1.059 0.489 0.847 0.587
8 E 1.528 -4.241 -2.642 -3.362 -3.404 0.658 2.925 -5.028 -1.372 -0.821 -1.458 -2.091 -0.916 -0.714 -1.402 1.338 1.303 -5.065 0.272 1.742
9 L -3.804 -5.672 -10.611 -11.149 -3.803 -10.303 -10.808 -10.87 -1.448 -1.191 2.901 -6.88 3.771 4.523 -11.549 -10.576 -7.147 1.234 5.993 0.744
