Last position-specific scoring matrix computed, values are in halfbits
A R N D C Q E G H I L K M F P S T W Y V
1 K -0.664 3.286 -5.02 -6.797 -5.434 -0.199 -6.263 -2.695 2.264 0.874 -0.322 4.121 -0.277 -1.404 -8.009 -0.771 -1.575 -6.406 -0.394 0.039
2 S 2.153 -7.523 -4.944 -6.967 -2.625 -5.802 -5.356 -2.478 -6.533 -0.357 -3.248 -6.523 0.132 -3.65 -6.417 4.552 3.347 -8.573 -7.814 1.399
3 V 0.422 -4.799 2.287 -0.112 1.471 -1.098 -3.007 -2.164 0.203 1.374 0.075 -4.338 0.557 1.218 -8.054 0.656 0.308 0.294 0.567 1.626
4 P -1.371 0.537 -0.606 1.141 -4.45 0.416 1.078 -0.485 -0.077 -1.118 -2.186 1.277 -3.005 -2.655 3.276 -0.362 -0.217 -1.238 -2.116 -0.238
5 V -1.416 -3.322 -0.68 0.22 -1.218 -0.363 0.946 -1.066 0.571 1.443 0.096 -0.639 -0.856 0.672 -0.416 -1.518 0.6 -0.452 -0.331 2.042
6 V -1.26 -1.315 0.255 -1.184 -0.356 2.675 -0.628 -1.711 2.005 0.02 0.396 -0.443 -1.191 -0.403 0.053 -0.394 0.165 -3.718 -0.709 1.612
7 L -0.468 -3.491 -0.397 -1.815 -2.044 1.537 1.451 -4.126 3.34 -0.738 0.408 -2.904 0.533 0.48 0.65 -0.188 -0.565 1.844 1.283 0.693
8 T -2.034 1.477 -0.015 -3.944 -1.568 1.311 0.647 -2.522 2.117 -2.291 0.4 1.221 -0.568 -0.436 -6.846 0.532 2.266 -3.016 0.131 -0.406
9 W -8.624 -8.689 -9.261 -9.732 -8.024 -9.157 -9.313 -8.86 -5.658 -1.445 -1.14 -8.449 -1.984 4.777 -10.999 -8.874 -8.669 10.996 2.418 -7.269
