Last position-specific scoring matrix computed, values are in halfbits
A R N D C Q E G H I L K M F P S T W Y V
1 T -1.374 -4.373 1.947 -0.201 -4.7 -0.208 -0.356 -4.282 3.21 -0.073 0.608 -5.187 1.847 2.013 -7.922 0.53 2.118 -5.174 1.448 -0.731
2 P 3.881 -7.218 -6.408 -7.062 -5.795 -6.017 -6.969 -3.984 -6.907 -4.278 -5.057 -6.451 -5.871 -7.726 6.82 -4.598 -4.911 -8.792 -7.547 0.241
3 A 1.907 -4.28 0.046 -1.046 -4.168 -0.727 -1.327 -2.05 -0.498 1.045 -0.099 -5.467 0.421 1.89 -3.854 0.52 -0.22 1.597 0.591 1.997
4 E 0.398 -2.797 -0.666 2.314 -5.273 0.537 1.979 0.805 -1.22 -1.761 -1.87 -1.446 -3.102 -1.71 2.426 0.204 -0.448 -3.141 -2.88 -0.541
5 V -0.473 -4.247 -1.201 0.836 -4.628 -0.846 -0.071 -0.307 -0.037 1.644 0.133 -2.735 -2.051 -0.199 1.177 -0.115 0.166 -1.56 -0.818 2.14
6 V 0.473 -3.091 -1.012 -0.917 -3.058 -0.014 -1.101 -0.767 0.408 2.113 -0.447 -2.274 -1.289 0.305 0.538 -0.068 1.11 -5.521 -0.935 1.978
7 V -0.38 -3.027 -0.054 -0.513 -3.757 0.872 1.274 -4.505 1.772 0.975 -0.236 -2.988 -1.244 -1.037 1.568 -0.911 1.414 -3.347 -0.581 1.782
8 S 1.452 -2.503 -1.41 -1.539 -2.275 1.06 1.736 -1.566 -0.272 -1.143 -1.86 -1.066 -3.946 -2.164 -4.775 1.793 2.269 -7.446 -1.573 1.497
9 Y -7.168 -7.415 -7.836 -8.511 -6.551 -6.904 -8.099 -8.303 -2.45 -4.398 1.414 -7.592 3.151 5.043 -8.983 -7.996 -6.095 0.406 7.563 -3.47
