Last position-specific scoring matrix computed, values are in halfbits
A R N D C Q E G H I L K M F P S T W Y V
1 T -0.639 -1.633 0.801 -0.667 -2.561 2.477 1.06 -1.979 4.318 -0.775 -3.669 -3.995 0.614 0.805 -9.605 0.677 2.081 -0.687 1.693 -1.894
2 H -7.626 0.999 -6.054 -6.929 -9.769 1.722 -5.962 -9.278 10.203 -7.431 -5.251 -5.251 -5.953 -7.371 -5.974 -6.673 -9.55 -9.146 -5.759 -10.203
3 D 0.63 -7.942 -0.45 3.729 1.278 0.331 -0.093 -1.994 2.111 0.42 -1.644 -7.198 0.306 0.334 -8.383 1.684 -1.15 -2.667 -0.259 -0.432
4 E -0.21 -0.642 -0.175 1.775 -4.291 0.83 1.583 0.126 0.397 -1.099 -0.985 -0.492 -0.889 -1.09 2.068 0.211 -1.031 -3.446 -2.438 -0.991
5 E -0.48 -2.463 -1.332 1.485 -2.95 0.467 1.336 0.321 0.605 -0.199 -0.456 -1.694 -0.293 -0.123 0.597 0.13 0.29 -2.935 -0.487 0.619
6 V -0.918 -2.039 -0.014 0.466 -1.856 1.501 0.854 -0.598 1.414 0.958 -0.617 -0.988 -0.28 0.078 -0.0 -0.28 -0.046 -5.528 -0.854 1.246
7 E -1.021 -3.103 0.457 0.193 -2.161 1.967 1.651 -5.715 2.719 -0.11 0.261 -4.418 -0.331 -1.173 0.684 -0.649 0.115 0.166 1.173 1.032
8 L -1.527 0.767 0.319 -3.983 -0.722 1.317 0.022 -2.323 1.693 -1.498 0.812 0.606 -0.397 -0.122 -5.853 0.693 1.96 -5.085 0.996 -0.1
9 L -8.299 -8.147 -10.726 -10.963 -7.644 -10.455 -10.91 -10.776 -9.352 3.98 4.565 -9.165 0.622 4.44 -11.297 -10.596 -9.12 2.356 -3.634 -1.596
