Last position-specific scoring matrix computed, values are in halfbits
A R N D C Q E G H I L K M F P S T W Y V
1 N -3.422 0.077 5.366 1.063 -4.661 0.888 -1.961 -2.032 2.372 -0.874 -3.608 -1.909 -0.64 -3.855 -5.942 0.523 0.326 -3.692 -0.771 0.066
2 R -5.023 7.891 -3.409 -5.038 -5.752 -2.7 -3.78 -5.615 -3.414 -6.119 -5.547 -1.387 -4.74 -5.985 -5.432 -4.29 -4.944 -5.754 -5.286 -5.67
3 L -0.163 -1.721 1.621 -1.682 -1.762 -0.068 -4.245 -4.341 3.032 0.201 1.258 -1.092 0.226 2.776 -6.301 -0.465 -0.807 1.619 1.478 0.733
4 P -0.416 0.429 0.098 -0.163 -4.523 1.651 -0.524 -0.181 0.11 -0.8 -0.95 1.282 -1.196 -0.771 2.147 0.47 -0.757 -0.007 0.217 -2.0
5 V -0.241 -1.238 -0.461 -0.005 -3.261 1.72 1.512 0.048 0.394 -0.616 -1.175 -0.78 -2.76 0.119 -0.365 -1.15 0.134 0.227 0.849 1.529
6 E -0.844 0.236 0.862 0.467 -4.421 1.574 0.838 -0.723 0.991 -0.264 -1.172 0.193 -1.607 -1.268 -0.086 0.181 0.818 -1.628 -0.934 0.306
7 L -0.214 -0.904 -0.341 -2.525 -2.427 1.566 0.053 -3.316 2.862 0.239 0.851 -0.525 -0.825 0.528 0.77 -1.049 -0.447 -1.467 1.532 0.481
8 S 0.434 -1.276 -0.988 0.217 -4.136 -0.557 1.785 -0.89 -0.175 -0.563 -1.131 -0.692 -3.728 -3.632 0.758 1.4 1.72 -4.585 -2.12 0.765
9 P 2.563 -4.872 -4.358 -5.301 -4.108 -5.369 -5.241 -4.475 -5.081 -1.766 -0.92 -4.32 -3.74 -5.475 6.773 -4.268 -3.88 -4.177 -3.503 0.003
