Last position-specific scoring matrix computed, values are in halfbits
A R N D C Q E G H I L K M F P S T W Y V
1 V 0.374 -1.149 -2.045 -4.034 -2.582 -2.009 -2.979 -3.895 1.525 0.64 -0.214 -0.391 -0.897 3.299 -4.8 -0.258 0.267 -2.563 3.474 2.056
2 A 4.248 -3.672 -3.549 -3.88 -1.841 -2.032 -3.695 -1.25 -2.985 1.234 -1.386 -3.229 -1.643 -1.417 -4.096 0.478 0.425 -3.589 1.833 1.212
3 K 1.382 -0.001 0.743 -3.514 -2.688 -2.096 -3.4 -1.426 -1.536 1.785 -2.581 2.109 -1.45 1.376 -4.498 0.069 -1.902 -3.014 3.136 0.939
4 P -0.631 -2.846 1.155 2.701 -3.229 -1.789 1.875 0.81 -1.151 -0.993 -2.763 -2.723 -2.138 -3.689 3.529 -0.631 -0.165 -3.249 -3.156 -0.975
5 P -0.046 -2.276 0.034 -0.731 -2.752 -2.074 -2.872 1.263 0.817 1.435 -2.017 -2.525 -0.069 -0.333 3.332 -1.338 -0.149 0.218 -0.311 1.413
6 G -0.534 -2.454 -1.912 -1.653 -2.668 -0.659 -1.593 2.821 -1.318 0.369 -1.26 -1.516 -2.747 -0.152 1.155 1.185 1.954 -4.022 -0.389 -0.465
7 S 0.048 -2.885 1.737 -1.77 -1.464 1.31 0.911 -0.67 1.653 -0.983 -2.188 -2.219 -0.935 -3.389 -0.28 1.8 2.121 -4.164 -0.391 0.054
8 V 0.335 -3.235 -0.278 -1.405 -2.499 -1.279 1.4 -0.802 0.634 -0.409 -2.633 -2.209 -1.847 -0.39 -2.388 0.692 2.532 -3.67 1.315 2.218
9 Y -2.23 -4.134 -3.73 -5.118 -3.03 -4.374 -4.82 -4.843 -0.064 -1.473 2.236 -4.308 2.568 4.973 -5.626 -4.312 -2.969 -1.19 5.899 -1.856
