Last position-specific scoring matrix computed, values are in halfbits
A R N D C Q E G H I L K M F P S T W Y V
1 T -2.438 -2.268 0.648 2.211 -0.257 0.649 1.525 -2.904 2.738 -1.249 -2.766 -3.85 1.933 0.424 -5.593 1.444 2.157 -5.109 -0.288 -0.414
2 L -0.16 -4.39 -3.558 -4.459 -3.779 3.639 -0.206 -3.532 -4.344 0.577 2.759 -4.157 3.203 -1.568 0.912 -3.483 -3.37 -5.345 -4.505 1.854
3 D -0.061 -0.741 1.147 2.459 -2.478 -2.236 -1.727 -3.233 -1.352 0.044 -0.166 -2.347 1.015 2.022 -4.868 0.007 -0.955 1.12 3.619 -0.457
4 P -1.441 -1.312 -1.353 2.397 -4.61 -0.112 2.309 0.941 -0.839 -2.193 -2.765 -0.342 -3.787 -3.133 3.819 -0.102 -1.282 -1.515 -2.324 -2.445
5 G -0.695 0.437 1.213 0.204 -3.141 1.282 -0.038 1.505 1.587 -0.766 -1.46 0.072 -1.163 -1.581 0.736 0.105 -0.456 -0.751 -1.008 -0.803
6 V -0.567 -1.852 -0.648 0.68 -2.973 2.303 0.083 0.784 -0.846 -1.153 -1.512 -1.502 -0.185 -1.095 0.823 0.044 0.973 -2.181 -0.054 1.363
7 Q -1.161 0.257 -0.514 -3.732 -3.039 4.291 0.553 -2.196 1.254 -0.331 0.041 -1.924 -0.54 -0.929 -0.176 0.714 0.418 -5.269 -1.426 -0.186
8 L -1.97 0.435 0.491 -2.227 -4.096 1.663 0.882 -1.084 0.131 -0.842 0.509 0.339 -0.654 -0.4 -4.987 0.352 1.699 -2.078 0.52 0.512
9 W -5.701 -5.714 -6.35 -6.812 -5.127 -6.175 -6.341 -5.856 -4.195 -2.27 -0.577 -6.071 -1.358 3.807 -8.151 -6.493 -5.176 11.032 1.725 -4.17
