Last position-specific scoring matrix computed, values are in halfbits
A R N D C Q E G H I L K M F P S T W Y V
1 S 0.723 2.191 -0.837 -7.305 -5.424 -0.644 -4.688 -3.735 1.972 0.58 -0.013 0.8 1.883 -1.075 -6.306 1.716 1.056 -4.052 -0.521 0.597
2 P -1.679 -8.094 -8.052 -7.744 -7.233 -8.029 -7.778 -7.875 -7.743 -2.927 -4.955 -6.874 -7.874 -8.869 8.101 -6.212 -5.218 -10.214 -8.525 -0.703
3 K 0.16 1.821 0.354 -4.024 -1.472 1.454 -1.811 -2.469 1.544 -1.801 -1.898 3.959 1.028 -0.691 -0.503 -0.471 -1.965 -0.097 0.431 -3.321
4 P -0.096 -1.7 0.146 0.643 -2.558 0.198 1.322 -0.188 0.519 -2.147 -0.777 0.181 -0.92 -0.596 2.921 0.278 -0.767 -1.672 -0.859 -1.324
5 P -0.278 0.85 -0.377 -2.282 -3.13 0.101 -2.14 -0.536 0.988 -0.264 -2.071 1.17 -2.738 0.132 3.046 -0.146 -0.516 -3.82 -0.651 1.41
6 I -0.915 1.581 -1.006 -1.541 -3.12 -0.277 -2.228 0.889 1.15 1.506 -0.808 -0.028 -0.508 0.635 0.978 -0.219 -0.171 -1.763 -2.001 0.762
7 P -1.026 0.457 -0.183 -2.106 -4.594 0.712 -0.076 -4.299 2.811 0.456 -1.147 1.005 -1.707 -1.368 2.461 -0.477 0.276 0.383 -0.638 1.074
8 S 1.726 -1.106 -2.058 -2.452 0.936 0.481 0.766 -1.969 -1.039 -1.197 -2.597 -0.276 -0.293 -2.828 -0.924 2.01 1.45 -4.847 -1.856 1.699
9 L -2.265 -8.3 -9.101 -9.384 -5.435 -7.864 -9.166 -9.036 -5.57 0.679 5.188 -7.501 2.554 2.732 -9.453 -8.268 -4.01 -1.778 -5.868 1.508
