Last position-specific scoring matrix computed, values are in halfbits
A R N D C Q E G H I L K M F P S T W Y V
1 L -2.51 -3.596 0.952 0.467 -2.279 0.565 -1.475 -5.355 4.314 0.298 0.768 -4.884 3.135 2.399 -7.477 0.44 0.858 -2.072 0.955 -0.936
2 P 3.061 -6.67 -6.066 -6.465 -3.685 -6.583 -6.414 -4.284 -6.331 -2.645 -6.114 -5.54 -5.363 -7.174 7.07 -3.088 -5.108 -3.393 -5.434 0.095
3 D -0.179 -4.708 -0.207 4.252 -1.461 -0.389 1.904 -3.751 1.641 0.615 -1.823 -5.322 -1.352 -1.959 -6.172 0.402 0.646 -7.066 -2.223 0.488
4 E -0.079 -2.294 -0.457 1.9 -3.957 0.664 2.809 -0.116 0.301 -2.559 -1.815 -0.278 -2.203 -1.933 2.234 0.123 -0.716 -3.514 -1.841 -1.256
5 E -1.236 -0.798 -0.618 1.839 -2.173 0.149 2.519 0.351 1.651 0.433 -1.43 -0.934 -1.533 -1.466 -0.853 -0.383 -0.372 -5.787 -1.127 0.492
6 E -0.35 0.054 -0.896 3.165 -2.599 0.18 3.278 -2.545 -0.029 -0.642 -2.749 -1.001 -2.488 -2.01 -0.399 -0.422 -0.894 -7.044 -1.654 0.227
7 P -0.384 -0.551 -0.929 0.394 -1.336 0.228 1.096 -5.528 3.9 -0.256 -2.839 -0.575 -2.25 -2.818 3.276 -1.591 -0.367 -0.676 0.578 1.159
8 V 1.616 0.394 -3.608 -2.527 -0.082 0.995 1.288 -2.513 -0.105 -0.317 -1.918 0.281 -1.205 -4.631 -3.662 1.015 1.281 -6.984 -2.543 2.246
9 L -4.536 -6.881 -7.837 -8.146 -1.663 -6.402 -7.864 -7.872 -5.566 -0.554 5.306 -7.081 5.506 2.127 -6.396 -7.582 -5.855 -4.569 -4.664 -1.683
