Last position-specific scoring matrix computed, values are in halfbits
A R N D C Q E G H I L K M F P S T W Y V
1 R 0.712 4.579 -4.693 -6.927 -7.698 -0.549 -5.723 0.644 1.316 -0.734 -1.736 2.48 -1.154 -1.537 -5.889 -0.614 -1.395 -3.322 1.149 -1.02
2 D -8.421 -8.174 -0.423 8.108 -9.03 -7.459 -1.853 -7.787 -7.127 -9.411 -10.139 -7.444 -9.33 -9.575 -8.973 -6.422 -8.047 -10.157 -9.65 -9.513
3 L -3.006 1.045 -0.62 -7.409 -6.534 -2.224 -5.629 -6.615 1.934 1.531 1.788 1.394 1.495 3.523 -5.274 -2.686 -1.941 0.78 2.805 0.063
4 L -0.658 -1.239 -0.881 1.076 -7.556 0.549 1.402 -0.215 -0.826 -0.229 0.712 -0.3 -0.613 0.017 0.847 0.209 -0.837 -3.117 -0.301 -0.395
5 I -0.572 -2.522 -0.327 -1.121 -6.743 -0.796 -3.388 -0.01 0.016 2.891 1.012 -1.029 0.229 1.901 -3.185 0.053 -0.364 -0.505 -0.358 0.714
6 V -0.749 -0.295 -0.833 -1.29 -6.465 0.149 -0.552 -1.045 1.011 1.687 -0.23 0.256 -1.156 1.088 1.396 -0.826 -0.376 -0.155 -1.088 1.337
7 L 0.148 -0.621 -0.089 -1.627 -5.196 0.346 0.873 -2.576 2.727 0.304 0.011 -1.627 0.466 0.671 -1.385 -0.17 -1.245 1.285 2.735 0.475
8 G -0.475 1.7 1.494 -3.133 -7.653 1.173 -0.357 1.128 2.165 -2.282 -0.441 0.963 0.366 -0.361 -2.359 0.369 -0.116 -3.472 -0.005 -1.697
9 L -5.112 -4.457 -7.605 -7.81 -7.185 -8.592 -8.305 -8.622 -3.942 1.034 4.087 -5.208 4.846 3.911 -8.094 -8.111 -5.751 -5.905 3.86 -0.601
