Last position-specific scoring matrix computed, values are in halfbits
A R N D C Q E G H I L K M F P S T W Y V
1 F 1.338 -4.15 -2.819 -8.215 -1.441 -4.295 -6.014 -4.121 0.058 1.019 0.675 -3.224 -0.363 4.274 -7.569 0.162 -0.717 -2.493 3.959 1.386
2 A 3.713 -7.683 -4.928 -8.032 -4.588 -0.596 -7.725 -1.878 -7.432 2.727 1.598 -7.361 3.233 -2.011 -7.272 0.721 -0.905 -3.253 -3.889 0.408
3 K -0.189 2.74 -0.48 -7.68 -5.938 -2.381 -7.277 -4.585 2.121 2.943 -5.197 3.072 2.464 1.604 -0.581 -3.825 -4.667 -0.713 1.02 0.157
4 P -0.527 -3.273 -1.141 2.954 -1.778 -0.404 2.12 0.222 -0.457 -1.765 -1.361 -2.203 -2.273 -1.504 3.23 -0.406 -1.177 -0.504 -1.824 -1.277
5 P -0.283 -1.546 0.377 -0.394 -1.468 -0.429 -2.174 0.585 1.301 0.865 -0.953 -0.408 -0.666 0.471 2.633 -0.267 -0.797 1.812 -0.712 0.047
6 L -0.558 -0.688 -0.821 -3.905 -2.702 -2.16 -3.302 0.547 -2.418 1.15 1.436 -1.603 0.146 0.511 -0.621 -0.125 2.015 2.31 0.69 0.261
7 S 0.513 -0.692 -0.864 -4.702 -0.61 1.485 0.353 -2.927 1.876 0.391 -0.375 -1.009 0.584 -3.271 -0.348 1.264 1.743 -2.127 -2.365 1.008
8 E 2.653 -5.532 -2.317 -1.658 -0.3 -0.396 3.262 -3.222 -0.119 -4.462 -5.148 -3.33 -3.73 -2.678 0.59 2.586 0.4 -7.132 -1.003 0.051
9 Y -5.942 -8.075 -8.357 -9.064 -7.227 -8.295 -8.706 -8.88 1.791 -4.731 0.96 -7.635 2.669 5.772 -8.035 -8.168 -7.993 -3.577 7.149 -2.373
