Last position-specific scoring matrix computed, values are in halfbits
A R N D C Q E G H I L K M F P S T W Y V
1 R 0.747 4.994 -4.512 -5.042 -7.329 -0.167 -6.829 -2.562 -0.153 -1.125 -3.075 3.871 -0.784 -3.644 -8.482 0.03 -1.864 -2.061 -3.208 -0.917
2 L -3.244 -4.637 -4.227 -2.368 -6.04 1.884 -2.711 -4.978 -7.663 1.44 3.112 -5.581 1.663 -4.812 -2.202 -0.763 2.748 -4.624 -5.37 2.424
3 F -0.077 1.345 1.779 -3.621 -2.277 1.739 -3.522 -2.683 0.115 -0.449 -0.32 1.225 0.882 3.156 -3.151 -1.06 -2.062 2.974 1.982 -2.847
4 E -0.441 -1.884 0.025 1.91 -4.13 0.894 2.026 0.798 -0.566 -2.867 -2.097 0.022 -2.735 -1.874 2.219 0.752 -0.88 -1.249 -1.388 -1.591
5 K -1.323 0.129 -1.486 -1.202 -2.152 -0.782 -0.374 0.655 1.201 0.502 -0.991 1.343 -1.133 0.709 1.645 -0.328 -1.496 2.514 -0.23 0.577
6 I -0.267 -0.116 -0.889 -2.661 -0.783 -0.312 -0.562 -0.728 0.158 1.871 0.276 -0.853 -0.873 -0.077 1.298 -0.571 0.528 -1.552 -0.32 1.054
7 V 0.517 -1.214 -1.443 -3.04 -0.662 -0.069 -1.665 -2.678 1.41 1.143 -0.462 -1.681 -0.187 1.875 -0.771 -0.223 0.465 2.141 1.008 2.12
8 L -0.321 0.069 0.713 -5.751 -0.405 1.99 0.253 -1.077 0.38 -2.986 1.167 0.308 -1.925 0.037 0.725 -0.309 -0.048 -3.998 1.084 -0.086
9 R -3.662 7.713 -4.486 -7.33 -4.612 -3.534 -5.53 -6.478 -2.302 -3.742 -3.928 -0.567 -2.301 -4.521 -4.745 -4.012 -3.884 -2.364 -5.929 -3.988
