Last position-specific scoring matrix computed, values are in halfbits
A R N D C Q E G H I L K M F P S T W Y V
1 E 2.418 0.259 -0.433 -2.036 -5.882 2.516 3.102 -1.159 -1.796 -3.706 -4.249 -0.057 0.879 -5.71 -9.661 1.786 0.044 -6.154 -3.548 -2.88
2 E -4.999 -6.909 -4.97 -1.738 -9.942 -1.512 7.556 -7.435 -7.345 -8.507 -7.991 -6.789 -5.504 -10.217 -6.348 -6.372 -7.444 -5.564 -9.573 -6.591
3 N 0.489 -2.603 2.67 -0.05 -3.998 1.68 -0.544 -1.053 0.746 0.799 -0.634 -0.585 2.38 -0.066 -4.113 0.66 -0.542 -0.354 -1.564 -1.054
4 E -0.16 -0.493 0.368 1.44 -8.673 0.717 1.999 0.03 -0.502 -0.71 -0.343 -0.334 -0.54 -0.768 1.274 -0.375 -1.134 -2.745 -1.323 -1.136
5 L -0.768 1.615 -0.464 -1.068 -4.335 0.643 -0.922 -0.956 0.829 0.912 0.427 0.108 -1.445 0.421 -0.07 -0.402 0.218 -1.053 -0.413 0.522
6 K -1.197 0.997 -0.782 -2.856 -4.68 1.647 -0.843 -1.809 1.115 1.337 -0.374 1.49 -1.201 0.441 -0.084 -0.607 0.296 -2.35 -0.243 0.954
7 K -1.536 2.17 -1.196 -3.604 -4.276 3.081 -0.315 -5.047 3.897 -0.146 -1.069 2.57 -0.584 -1.092 -1.253 -1.679 -1.336 -0.158 -0.63 0.122
8 K -0.971 1.185 0.072 -2.413 -4.047 1.537 -0.131 -0.663 1.667 -2.045 -0.065 1.704 -0.351 0.011 -5.137 0.928 0.627 -2.521 0.325 -0.131
9 F -8.848 -7.542 -8.714 -10.93 -8.556 -5.726 -10.018 -9.954 -6.655 0.521 0.935 -7.516 0.773 5.359 -11.733 -9.09 -7.829 8.588 5.567 -5.836
