Last position-specific scoring matrix computed, values are in halfbits
A R N D C Q E G H I L K M F P S T W Y V
1 F 0.919 0.467 0.361 -7.877 -3.638 -2.076 -6.243 -3.708 1.484 0.701 -0.708 -0.41 -1.729 2.973 -7.91 0.988 -0.537 -3.224 3.329 1.494
2 Y -4.57 -8.457 -8.007 -9.368 -6.524 -8.748 -9.035 -9.069 -4.607 -4.662 -3.782 -8.638 -2.38 6.529 -9.982 -7.654 -7.284 1.008 7.823 -5.241
3 P -1.673 -4.8 0.095 -6.052 -3.67 2.828 -3.552 -4.527 2.243 2.113 0.319 -4.441 2.565 0.91 3.809 -2.565 -2.771 -2.486 2.005 -1.007
4 E 0.001 -3.199 0.113 2.287 -1.858 -0.869 2.083 -0.877 0.665 -0.818 -1.807 -2.393 -3.65 0.081 2.262 -0.342 0.238 -0.376 -0.047 -0.707
5 S -0.023 0.603 -0.1 -1.486 -1.737 1.052 -1.784 0.339 1.951 -0.824 -1.868 0.435 1.875 0.326 -0.418 0.452 0.186 -0.858 1.497 -0.227
6 V 1.605 0.124 -0.964 -3.308 -1.087 -1.225 -2.502 0.015 -0.058 1.064 -0.897 -0.974 -0.056 -0.58 -0.812 -0.513 0.885 -2.67 -1.052 2.529
7 L -0.231 0.83 0.952 -2.805 -2.683 1.57 -0.389 -3.67 1.75 0.467 0.649 -0.522 0.026 -3.412 -3.027 0.942 1.638 -4.309 -2.661 0.669
8 S 2.119 -3.596 -0.726 -0.987 1.386 -0.044 2.459 -2.766 0.892 -3.74 -4.114 -3.09 -1.65 -1.633 -0.612 2.484 0.709 -3.495 -0.49 0.32
9 L -4.173 -6.852 -8.894 -9.408 -6.868 -8.58 -9.109 -9.171 0.868 -0.867 4.0 -6.897 4.066 4.531 -9.818 -8.447 -7.118 -1.868 4.508 -0.753
