Last position-specific scoring matrix computed, values are in halfbits
A R N D C Q E G H I L K M F P S T W Y V
1 S 1.63 0.993 -0.403 -4.727 -0.747 -0.229 -4.604 -2.397 -0.446 0.027 -0.225 -0.137 0.807 -2.856 -5.62 2.213 1.233 -5.43 -1.207 1.549
2 P -2.202 -5.396 -5.344 -5.018 -3.412 -4.382 -5.049 -5.215 -5.026 -3.932 -4.777 -4.497 -4.363 -6.411 7.96 -4.805 -3.632 -7.683 -5.919 -1.956
3 A 1.835 -4.614 0.338 0.753 -3.75 -0.129 0.02 -0.868 1.129 0.761 -0.884 -3.238 0.621 -2.328 -4.435 1.177 0.694 -2.902 -2.976 1.711
4 P 0.942 -1.248 -0.456 1.081 -2.36 0.171 1.442 0.76 -0.437 -2.53 -1.188 -0.138 -2.477 -4.221 3.045 0.353 -0.533 -4.59 -2.237 -1.953
5 P -0.43 -2.727 -0.232 0.872 -4.056 0.551 -0.314 -0.532 0.785 0.371 -1.376 -2.634 -1.157 -2.524 2.844 0.845 0.116 -5.842 -2.857 1.838
6 P -0.66 -1.253 0.17 -1.303 -2.623 0.791 -0.953 0.659 2.278 1.041 -0.621 -1.531 0.717 -0.836 1.613 0.268 0.9 -5.48 -1.684 0.084
7 P -0.004 -2.823 0.18 -0.242 0.574 1.641 0.341 -2.455 2.226 -0.974 -2.935 -1.664 -0.257 -4.994 2.787 0.762 1.357 -5.88 -2.909 1.286
8 A 2.078 -0.8 -0.863 -1.788 0.365 1.353 1.502 -1.319 -1.458 -1.977 -2.489 -0.116 -1.531 -4.965 -3.442 2.072 1.052 -5.675 -2.348 0.876
9 L -2.074 -5.569 -6.382 -6.687 1.216 -5.846 -6.463 -5.706 -5.455 0.315 4.97 -5.71 3.688 1.347 -6.813 -5.956 -2.285 -4.911 -4.022 1.226
