Last position-specific scoring matrix computed, values are in halfbits
A R N D C Q E G H I L K M F P S T W Y V
1 R 1.162 3.405 -2.459 -6.093 -5.471 1.624 -3.31 2.383 1.67 -1.928 -2.729 1.401 -3.033 -1.918 -7.256 1.229 -1.49 -1.062 -0.375 -2.581
2 R -6.005 8.144 -6.051 -7.109 -7.813 -0.268 -6.066 -7.684 -5.478 -8.15 -7.288 -3.261 -4.812 -8.062 -8.271 -6.968 -7.024 -7.825 -7.345 -7.711
3 Y -0.718 -2.607 1.385 -2.554 -6.412 -2.785 -4.111 -3.302 1.752 0.761 0.85 0.225 1.192 3.294 -7.12 -1.241 -0.54 1.6 4.035 -0.654
4 P -1.908 -0.601 -0.114 0.698 -6.662 0.839 0.242 1.153 -0.445 -1.254 -0.175 0.644 -0.524 -0.213 2.678 -0.331 -1.564 0.63 -0.829 -1.164
5 G -1.544 0.043 -0.159 -0.789 -6.585 1.353 -0.454 1.274 1.329 -0.034 -1.066 1.309 -0.773 0.215 0.662 -0.518 0.01 -0.301 0.236 -0.47
6 V -0.324 -0.592 -0.939 -3.309 -6.209 1.879 -2.708 -0.941 -0.433 1.755 0.04 -0.722 -0.54 0.316 1.581 -0.013 0.014 -2.948 -0.007 1.392
7 L -1.625 0.273 -1.487 -5.204 -6.133 0.646 -1.923 -4.127 -1.168 1.288 2.895 -1.463 1.816 0.328 0.967 -0.7 -0.883 -3.847 -1.211 0.799
8 S 0.253 0.132 -0.859 -1.748 -6.377 1.852 1.082 1.464 0.715 -2.859 -1.579 1.006 -1.997 -3.879 -3.851 1.399 1.237 -3.938 -1.147 -0.098
9 L -1.782 -3.369 -7.437 -8.582 -6.095 -6.719 -7.309 -8.311 0.213 0.307 3.62 -5.228 2.776 4.255 -3.805 -6.085 -4.615 -3.984 3.711 1.364
