Last position-specific scoring matrix computed, values are in halfbits
A R N D C Q E G H I L K M F P S T W Y V
1 T -0.587 -2.492 0.648 0.205 -4.744 1.182 0.826 -1.514 4.369 -0.112 -2.975 -3.078 -2.456 1.027 -6.814 0.607 2.425 -1.681 1.42 -0.824
2 H -6.113 -4.159 -4.067 -5.411 -6.76 0.433 -4.862 -6.158 10.324 -7.09 -7.02 -4.522 -5.692 -5.153 -3.039 -6.0 -6.422 -3.316 -2.794 -7.399
3 D 0.873 -4.449 0.05 3.422 -5.245 1.333 0.435 -1.729 2.174 -0.112 -1.991 -5.106 -1.028 0.107 -6.712 2.063 -0.841 -4.624 -1.111 -0.71
4 D 0.009 -1.045 0.511 1.749 -5.348 0.545 0.482 0.145 0.517 -0.867 -0.406 -0.678 -0.535 -1.532 1.892 0.083 -0.078 -3.157 -2.668 -0.442
5 S 0.222 -2.156 -0.6 1.27 -5.183 0.765 0.739 0.431 -0.976 -0.086 -0.318 -1.073 -1.248 -0.069 0.14 0.842 -0.422 -4.648 -1.695 0.884
6 V 0.023 -1.715 0.211 0.079 -4.115 0.855 -0.084 -0.466 1.795 1.061 -0.606 -1.107 -1.023 -0.857 -1.157 0.46 0.56 -3.963 -0.272 1.426
7 V 0.153 -2.625 0.454 -1.349 -4.06 1.045 0.255 -4.497 1.748 1.074 -0.103 -3.53 0.067 -1.056 1.136 -0.598 0.752 -1.101 -0.06 2.149
8 S 1.538 -0.784 -1.789 -2.599 -4.334 1.794 0.401 -2.702 -0.742 -0.574 -0.462 -0.663 -0.639 -2.425 -4.749 2.01 1.358 -6.557 -2.206 1.7
9 L -2.193 -6.089 -7.545 -7.798 -4.603 -6.976 -6.941 -7.485 -4.574 1.256 5.334 -6.809 2.669 1.038 -7.922 -6.703 -4.642 -5.997 -5.109 1.083
