Last position-specific scoring matrix computed, values are in halfbits
A R N D C Q E G H I L K M F P S T W Y V
1 H -2.518 -2.909 1.485 -0.602 -3.991 0.9 -0.204 -3.102 5.829 -1.08 0.063 -2.808 1.212 1.546 -5.505 0.512 1.024 -4.215 1.337 -2.429
2 P 3.676 -4.755 -4.678 -3.637 -3.32 -4.025 -4.491 -2.036 -4.441 -2.93 -3.847 -4.003 -4.308 -5.291 6.248 -1.841 -2.874 -6.29 -5.116 -0.202
3 D 1.548 -3.674 -0.28 4.478 -3.901 0.218 1.441 -2.495 0.936 0.166 -1.936 -3.3 -0.527 -1.425 -3.461 -0.718 -1.382 -5.195 -1.042 -0.765
4 P -0.454 -0.247 -0.47 0.489 -4.006 0.307 1.376 -0.18 1.115 -1.919 -1.428 0.137 -2.491 -2.044 3.454 0.202 -0.864 -5.287 -1.044 -0.634
5 D -1.005 -1.595 -0.477 3.31 -4.082 -0.327 1.676 -0.646 0.134 -2.001 -1.862 -1.382 -3.247 -1.966 2.773 0.741 -0.413 -5.449 -1.875 -0.949
6 D 0.192 -1.009 -0.499 2.523 -3.804 -0.129 1.025 -1.343 1.188 0.593 -0.846 -0.167 -0.844 -1.246 -0.251 -0.185 -0.147 -5.123 -1.413 0.52
7 V -0.373 -2.407 -0.719 -0.859 -3.623 0.621 1.499 -3.655 2.808 1.093 -1.358 -1.465 -2.565 -1.499 -0.005 -0.344 0.639 -2.814 1.069 2.384
8 V 0.726 -0.768 -1.398 -3.384 -3.374 0.818 1.226 -1.535 0.457 -0.805 -1.443 -0.333 -1.103 -3.14 -2.064 1.286 2.172 -5.1 -1.76 2.118
9 Y -4.768 -5.018 -5.426 -6.09 -4.135 -5.208 -5.709 -5.875 -1.63 -2.267 0.904 -5.196 3.657 5.27 -6.588 -5.569 -4.408 -1.656 7.004 -2.923
