Last position-specific scoring matrix computed, values are in halfbits
A R N D C Q E G H I L K M F P S T W Y V
1 H -2.775 -4.008 0.338 -1.657 -1.418 -0.784 -1.412 -5.371 5.373 -0.147 1.158 -4.495 3.867 2.409 -7.63 -0.102 0.684 -3.59 2.063 -1.626
2 P 2.67 -7.474 -6.867 -7.192 -6.37 -7.056 -7.161 -5.253 -7.118 -6.032 -6.412 -6.628 -7.386 -8.352 7.618 -4.856 -5.216 -9.416 -7.947 -2.243
3 A 1.118 -4.651 1.47 1.54 0.333 -0.868 -0.831 -2.196 2.387 -0.074 -0.864 -6.224 -0.204 1.123 -5.071 1.196 0.482 -0.655 0.812 0.619
4 P -0.312 -1.791 -0.321 2.05 -2.033 -0.119 2.311 0.384 1.457 -2.297 -2.876 -0.943 -3.07 -2.987 3.125 0.657 -0.325 -4.03 -2.998 -2.762
5 V -0.801 -2.078 -0.813 0.746 -1.624 -0.249 -0.054 0.11 1.983 1.15 -0.437 -0.572 -1.789 0.122 -0.32 -0.441 0.693 -2.527 -0.74 1.552
6 V 0.581 -1.492 -0.479 -0.533 -0.566 1.011 -1.211 -1.643 0.549 1.327 -0.754 -1.016 -1.312 0.383 0.601 -0.188 0.662 -5.125 -0.271 1.708
7 L -1.42 -0.771 -0.038 -0.459 -1.478 1.866 0.496 -3.759 3.438 -0.644 0.842 -2.651 -2.87 -1.214 1.358 -0.06 0.238 -2.118 0.211 0.839
8 K -1.583 1.895 -0.466 -3.198 -0.24 0.725 0.295 -1.408 2.301 -2.204 0.333 2.078 -1.388 -0.757 -4.799 0.036 1.327 -2.508 -0.177 -0.093
9 W -7.429 -8.0 -7.715 -8.145 -6.8 -8.412 -8.674 -8.387 -4.677 1.553 1.44 -8.246 0.79 5.222 -9.81 -8.597 -7.159 9.179 3.424 -3.768
