Last position-specific scoring matrix computed, values are in halfbits
A R N D C Q E G H I L K M F P S T W Y V
1 K 0.687 1.125 0.121 -2.887 -2.6 -0.771 -1.957 -1.845 3.171 0.396 -1.938 2.606 -2.383 -0.455 -4.015 1.147 -0.595 -3.355 1.369 -0.195
2 S 0.846 1.134 2.144 -2.379 -1.469 -1.664 -2.807 0.056 -1.384 -0.313 -3.341 -2.088 -2.726 -3.356 -3.764 3.515 1.752 -4.068 -1.367 -1.016
3 N -1.3 -2.91 4.08 2.357 -2.739 -1.661 -2.273 -1.423 0.007 0.428 -0.635 -1.976 -2.482 0.34 -4.265 1.018 0.633 -1.38 0.97 -1.484
4 D -0.229 -0.956 0.254 1.819 -2.786 -0.364 1.121 0.198 0.248 -0.295 -2.571 1.193 -2.868 -2.228 1.128 0.85 0.784 -1.701 -2.553 -1.537
5 K -1.858 1.625 -0.022 -0.946 -0.571 0.164 -1.316 -0.124 4.765 -1.392 -1.717 2.427 -0.644 -1.165 -2.666 -0.832 -0.413 -3.342 1.42 -0.389
6 V 1.195 -1.108 -0.964 -2.701 -0.491 -0.09 -0.859 -2.051 0.001 2.164 -0.527 -1.451 -0.219 -0.88 0.57 -0.271 0.478 -4.064 -3.042 2.327
7 L -0.757 2.093 -2.087 -3.731 -2.31 -1.094 -3.329 -3.793 -0.396 0.064 2.448 0.69 0.739 -0.826 -1.755 -0.803 1.02 -3.499 0.055 1.014
8 K -0.659 0.391 -0.95 -1.82 -2.798 2.139 0.88 -3.454 2.507 -0.512 -0.986 1.542 -2.175 0.758 -4.161 -0.622 0.631 -3.026 2.104 0.487
9 L -3.239 -4.035 -4.81 -5.158 -2.142 -4.357 -4.916 -4.929 -2.131 0.788 4.143 -4.233 3.187 3.487 -4.172 -4.653 -3.301 -2.611 1.051 1.477
