Last position-specific scoring matrix computed, values are in halfbits
A R N D C Q E G H I L K M F P S T W Y V
1 A 2.954 0.732 -3.782 -6.185 -2.185 0.748 -3.307 1.342 -0.054 -0.737 -0.918 1.001 -0.218 -0.855 -6.388 0.996 -0.22 -1.896 0.152 -1.125
2 E -4.768 -4.142 -4.775 -2.032 -7.172 -2.76 7.451 -5.319 -3.431 -7.555 -7.507 -3.966 -6.559 -7.402 -6.705 -4.886 -6.099 -5.188 -6.703 -6.936
3 I 1.101 -1.151 -0.859 -1.507 -2.881 -1.308 -4.282 -3.359 2.045 2.185 -0.227 -1.472 0.593 2.378 -4.652 -1.007 -1.364 -0.102 3.537 1.014
4 E 0.03 -0.704 0.039 1.13 -2.376 0.925 2.511 -0.35 -1.653 -0.94 -1.02 -0.358 -2.791 -0.896 1.716 -0.14 -1.047 -1.533 -1.933 -0.675
5 G -0.505 0.121 0.206 0.068 -3.717 -0.355 -0.31 1.044 1.737 -1.518 -1.424 0.291 -3.248 2.342 1.653 0.002 -0.34 -0.386 -0.723 -1.349
6 F -1.228 -0.392 -2.209 -3.352 -4.434 0.825 -0.976 -1.393 -0.431 -0.211 0.905 -0.442 -0.367 3.605 -0.056 -0.095 1.054 1.671 -1.343 0.012
7 L 0.658 -0.055 -0.288 -2.1 -2.87 0.714 -0.572 -2.417 0.391 1.002 0.939 -0.297 -0.833 -2.669 1.459 -0.571 0.927 -3.959 -3.85 1.03
8 S 1.75 -2.458 -2.404 -2.042 -2.601 1.216 1.828 -0.646 -2.536 -1.621 -1.685 -0.487 -3.44 -4.733 0.234 1.893 1.441 -6.042 -6.471 1.23
9 A 5.427 -5.205 -5.06 -4.75 1.919 -5.743 -3.513 -3.716 -6.189 -2.127 -4.798 -5.825 -3.068 -6.0 3.776 -1.882 -1.537 -7.538 -5.892 0.373
