Last position-specific scoring matrix computed, values are in halfbits
A R N D C Q E G H I L K M F P S T W Y V
1 R 1.012 3.391 -0.578 -4.491 -5.0 0.299 -4.185 -1.114 1.403 0.347 -0.248 0.622 -0.376 -2.932 -5.687 1.749 -0.792 -3.349 -0.641 -0.247
2 P -1.094 -6.31 -5.148 -5.939 -5.49 -5.59 -5.246 -4.856 -5.951 -4.08 -4.58 -5.444 -5.208 -7.192 7.895 -4.164 -2.804 -8.444 -6.799 -1.279
3 A 0.436 -0.004 1.022 -1.26 -5.134 1.216 -3.128 -2.091 1.904 -1.121 -1.082 -0.174 -0.093 1.941 0.297 -0.206 0.385 0.893 1.574 0.521
4 P -0.122 -0.272 -0.484 1.326 -3.011 -0.443 0.772 0.642 0.113 -2.385 -0.992 0.593 -2.398 -2.61 3.019 1.033 -1.316 -1.48 -1.361 -2.454
5 P -0.261 -1.525 -0.909 -1.548 -3.985 0.756 -1.999 0.5 -1.72 1.023 -0.383 -0.591 -0.698 0.017 2.61 -0.44 -0.091 -1.957 -1.602 1.732
6 L -1.267 -1.866 0.402 -2.362 -3.362 -0.331 -2.841 0.273 0.749 1.813 0.46 -2.43 0.374 1.117 1.988 -0.556 0.674 -0.759 -0.638 0.752
7 V -1.367 -2.031 -0.786 -2.223 -4.91 1.518 -1.37 -1.665 1.118 2.019 -1.058 -2.606 -1.608 -0.01 1.456 -0.526 1.277 0.713 -0.875 2.537
8 E 0.712 -1.046 -0.735 -0.75 -1.146 1.295 2.181 -0.712 -1.117 -0.416 -0.782 -1.303 -0.897 -1.995 -2.06 0.963 0.749 -2.951 -0.974 0.942
9 L -5.721 -6.581 -7.592 -7.864 -4.583 -6.205 -7.606 -7.627 -6.455 -0.803 5.889 -6.838 0.813 2.271 -5.696 -7.402 -5.503 -5.68 -4.718 -1.424
