Last position-specific scoring matrix computed, values are in halfbits
A R N D C Q E G H I L K M F P S T W Y V
1 D -5.776 -5.203 2.164 4.853 -1.706 -0.809 1.431 -5.87 2.229 -0.766 -1.496 -5.174 1.071 -1.83 -6.608 -0.136 0.468 -5.557 0.004 -0.309
2 E -5.398 -6.556 -6.032 -1.34 -7.173 -3.676 7.558 -6.216 -5.045 -7.948 -7.175 -5.77 -8.079 -6.613 -7.283 -5.813 -6.657 -8.769 -8.262 -7.313
3 F -0.174 -1.374 1.19 -1.777 -1.467 -0.308 -1.469 -3.368 2.428 0.794 -0.323 -1.183 0.786 3.172 -7.612 -1.289 0.028 2.002 2.15 0.931
4 E -0.278 -0.39 -0.972 0.663 -3.102 1.04 2.124 -0.685 -0.946 0.646 0.057 -0.282 -1.033 -1.907 1.473 -0.658 -1.035 -4.417 -2.824 0.152
5 L -1.904 -0.815 -0.467 -2.068 -2.738 0.539 -2.442 -1.951 1.378 1.189 1.897 -0.678 1.352 2.382 -1.818 -0.996 -0.77 -0.59 0.5 0.936
6 P -1.068 0.034 -1.122 -1.695 -1.984 0.759 -0.864 -2.119 0.898 1.009 0.009 0.704 -1.477 0.858 2.228 -1.117 0.07 -1.418 -0.757 1.159
7 V -0.708 -0.942 0.2 -0.714 -0.376 1.222 1.757 -4.779 2.152 0.847 -0.531 -1.567 -1.17 -2.022 -0.831 -0.732 0.873 -0.682 0.393 1.72
8 S 1.727 0.086 -1.06 -1.474 -0.352 1.432 0.847 -1.65 0.216 -2.503 -2.423 -0.117 -1.059 -4.539 -2.919 2.11 1.564 -4.619 -2.103 0.812
9 Y -3.602 -8.369 -8.623 -9.306 -2.975 -7.323 -7.444 -8.575 2.111 -3.262 0.351 -6.821 2.828 5.684 -9.445 -8.393 -5.587 0.27 7.013 -2.18
