Last position-specific scoring matrix computed, values are in halfbits
A R N D C Q E G H I L K M F P S T W Y V
1 K 0.562 3.541 -3.276 -4.544 -4.544 -0.49 -3.842 -0.493 1.356 0.685 -1.269 3.525 0.248 -2.74 -5.245 -0.174 -1.065 -5.788 -3.239 -0.481
2 T -0.298 -4.503 -4.242 -3.454 -3.556 -4.216 -4.713 -4.361 -4.944 0.598 0.21 -4.289 1.306 -4.61 -5.683 3.428 4.406 -5.872 -5.188 1.335
3 D -1.363 -4.347 -2.14 6.629 -0.202 -1.033 2.824 -3.759 -1.812 -4.707 -5.83 -3.799 -2.556 -3.723 -5.169 -1.661 -3.07 -4.175 -5.019 -4.913
4 P -0.235 0.705 -0.635 0.255 -0.858 0.211 0.398 -0.193 1.199 -0.754 -1.0 0.543 -1.955 -0.051 1.878 0.161 -0.579 -1.751 -0.15 -0.509
5 L -0.855 -0.793 0.42 0.233 -0.175 0.602 -0.193 -0.729 2.798 0.31 0.265 0.264 -0.09 1.175 -1.209 -0.706 -0.171 -0.778 0.417 -0.619
6 T -0.689 -0.383 0.97 -1.358 0.197 0.645 -1.348 -1.4 2.317 0.705 -0.402 -0.946 0.133 1.437 -0.432 -0.712 1.432 -2.478 -0.628 0.769
7 L -1.042 -2.909 -0.6 0.435 -0.272 0.682 0.078 -2.287 1.576 -0.389 2.933 -3.136 1.122 0.005 -1.556 -0.711 -0.873 -0.111 0.121 -0.655
8 L -1.437 1.455 -1.507 -1.559 -2.004 0.344 0.856 -1.309 2.073 -2.098 1.729 0.83 0.708 0.844 -4.238 -0.411 -0.709 -3.408 1.184 -0.78
9 Y -5.36 -5.297 -5.73 -6.585 -5.275 -5.38 -5.942 -6.515 -1.195 -3.613 -3.664 -2.74 -2.972 0.205 -6.934 -5.203 -5.623 -0.92 9.08 -1.924
