Last position-specific scoring matrix computed, values are in halfbits
A R N D C Q E G H I L K M F P S T W Y V
1 R -0.164 2.439 -1.358 -3.567 -6.037 1.373 -2.359 -0.45 0.144 0.305 -1.078 0.868 0.053 -2.084 -4.5 0.746 1.027 -2.777 -0.107 1.617
2 G -0.998 -7.442 -0.563 -6.194 -3.5 -7.333 -7.663 6.729 -1.454 -6.975 -5.082 -6.737 -4.708 -1.384 -8.022 -1.292 -1.735 -6.539 -7.627 -2.551
3 P 1.9 -5.949 -7.154 -6.555 -1.601 -6.074 -6.303 -1.844 -5.897 -4.326 -5.396 -6.492 -1.085 -1.022 7.318 -2.973 -3.326 -4.904 -4.931 -2.793
4 S 0.081 0.725 -1.241 -0.852 -1.271 0.723 0.84 -1.928 1.281 -0.539 -0.463 0.02 -0.855 -0.914 -0.409 0.905 0.656 0.026 0.127 0.433
5 R -1.339 5.255 -0.859 -4.516 -2.639 -0.933 -3.985 -3.274 3.966 -1.394 -1.684 3.096 -1.59 -5.256 -6.502 -1.592 -2.292 -4.681 -0.135 -1.449
6 S -0.366 -0.151 0.154 -1.723 -2.161 0.708 -0.19 0.235 1.018 0.135 -0.134 0.212 -1.106 -0.162 -2.964 0.677 0.802 0.263 0.302 0.616
7 D -0.741 -2.404 0.699 1.761 -2.155 0.711 0.993 -2.013 3.007 -0.139 -0.653 -2.652 -2.129 1.606 -3.517 0.26 -0.939 0.195 1.646 0.481
8 L -0.167 1.24 1.443 -2.088 -0.867 2.32 -0.621 0.703 1.625 -3.096 0.267 0.203 -2.031 -1.366 -4.723 0.536 0.811 -2.298 0.323 -2.074
9 L -4.747 -7.322 -6.972 -8.666 -5.75 -6.183 -8.638 -7.902 -5.172 4.353 4.012 -7.373 1.275 4.103 -9.03 -7.341 -6.098 1.561 -1.808 -0.331
