Last position-specific scoring matrix computed, values are in halfbits
A R N D C Q E G H I L K M F P S T W Y V
1 S 0.13 0.572 -1.204 -2.627 -7.623 -0.293 -3.807 0.373 0.855 -0.965 -2.27 2.739 -1.777 0.202 -5.604 2.473 0.321 -0.033 1.19 -0.85
2 Y -8.73 -8.809 -10.075 -10.832 -9.363 -4.666 -7.448 -8.288 -4.464 -3.375 -1.895 -9.004 -3.157 3.838 -8.79 -9.175 -8.176 -1.311 8.951 -5.513
3 L -1.404 -1.643 1.168 -2.431 0.174 2.35 -1.752 -1.378 1.718 1.313 1.695 -0.109 -0.228 1.022 -7.669 -0.255 -1.728 0.307 -0.175 0.051
4 P 0.317 -0.387 0.945 -0.513 -3.442 1.751 1.34 -0.541 1.414 -1.759 -3.149 0.379 -2.226 -3.526 2.943 0.293 -0.24 -4.085 -1.797 -0.911
5 S 0.387 -6.477 0.974 -1.707 -0.268 0.567 -5.195 0.895 -5.309 0.644 0.826 -6.613 2.031 -7.302 -2.141 2.176 2.007 -6.741 -7.672 1.079
6 L -0.98 2.099 -0.259 -4.226 -4.253 0.86 -2.769 -1.043 1.474 0.934 1.166 2.338 -0.53 -0.317 -1.463 -1.592 -1.983 -1.308 0.358 -0.006
7 T -2.026 -0.699 2.303 -1.117 -3.305 1.652 0.61 -1.227 3.055 -4.128 -3.552 -1.427 -3.324 -4.276 -6.355 2.569 3.6 -3.398 -2.527 -2.382
8 E -0.002 0.164 0.179 -0.025 -2.958 1.296 1.211 -0.741 2.222 -2.759 -0.814 -0.119 -1.074 -0.266 -3.351 0.619 1.363 -1.346 0.53 -0.435
9 L -2.616 -9.117 -9.539 -10.953 -3.34 -7.408 -8.388 -8.45 -7.764 4.633 4.349 -7.079 0.297 -1.873 -2.471 -6.623 -4.344 -5.177 -5.733 2.208
