Last position-specific scoring matrix computed, values are in halfbits
A R N D C Q E G H I L K M F P S T W Y V
1 D -2.294 -3.151 1.824 6.135 -3.405 -2.094 -0.306 -2.025 -1.223 -1.002 -1.743 -2.573 -3.163 -0.898 -3.195 -1.837 -2.879 -4.383 -1.915 -1.406
2 E -2.127 -1.715 -0.678 4.675 -3.516 -1.301 4.472 -3.178 -0.9 -3.317 -1.281 -1.672 -2.993 -1.828 -3.755 -1.921 -1.671 -4.178 -3.508 -2.509
3 F 0.229 -2.831 -0.735 2.295 -2.261 -0.404 -1.271 -1.777 -2.355 0.475 -0.825 -2.796 1.419 3.185 -1.201 -0.477 0.803 -0.853 0.418 0.521
4 L -1.052 2.448 -1.991 -1.374 -0.922 -0.368 -0.204 -0.528 -0.501 -0.488 1.82 1.077 -1.405 -1.499 0.654 -1.035 -0.419 -3.575 -1.369 -0.526
5 F -1.793 -3.35 0.382 1.273 -2.306 -1.505 -1.099 -1.992 1.236 2.493 0.238 -3.16 -0.662 3.854 -4.614 -2.567 -2.303 -0.517 1.096 1.555
6 L -0.898 -1.034 -3.255 -3.636 -1.94 0.536 -2.766 -0.111 -0.122 1.234 2.188 -0.854 0.298 0.192 0.342 -1.856 -1.004 -0.96 -0.814 2.24
7 E -1.383 -1.413 1.175 2.446 -2.975 -0.745 3.791 -2.906 1.537 -2.421 -1.183 -0.787 -2.455 1.22 -3.675 -0.128 -1.048 -3.051 0.529 -2.846
8 L -1.606 3.354 -1.61 -1.931 -1.069 0.93 -0.65 -2.963 -2.166 -0.623 1.779 1.506 -0.762 0.455 -0.936 -2.136 -0.522 -1.973 -1.191 -0.489
9 L -2.789 -3.794 -4.519 -1.679 -1.942 -2.614 -4.494 -3.946 -3.607 1.016 5.024 -3.968 1.24 0.931 -5.184 -4.552 -3.205 -1.044 -1.141 -0.144
