Last position-specific scoring matrix computed, values are in halfbits
A R N D C Q E G H I L K M F P S T W Y V
1 L -0.455 0.342 0.489 -2.266 -3.013 0.676 -0.828 0.836 0.621 1.128 0.257 -0.575 1.339 -0.073 -0.383 -1.034 -0.279 -4.115 -0.399 0.817
2 P -0.765 -2.173 0.872 -2.444 -3.453 2.662 -1.746 -1.887 -3.074 -2.88 -1.168 -2.796 -1.402 -4.642 6.133 -0.926 -3.302 -5.562 -4.378 -2.4
3 L -0.263 -0.398 0.712 -2.778 -0.363 1.835 -1.811 -0.174 4.727 0.257 1.209 -0.047 -0.287 -0.992 -4.861 -0.132 -2.295 -4.011 -0.078 -0.674
4 R -0.037 2.237 -0.915 0.141 -3.329 1.468 0.756 -0.995 -0.799 -1.637 -0.408 1.168 -1.928 -3.215 2.135 0.478 -1.137 -4.796 -3.983 -1.488
5 A 1.739 -0.646 0.034 -1.751 -0.186 -0.383 -1.364 1.103 0.144 1.061 -0.59 -0.086 -1.927 -1.577 -1.579 -0.535 0.737 -4.48 -2.311 1.217
6 I -1.213 0.44 -1.093 -0.982 -3.231 0.885 0.241 0.239 1.355 1.503 -0.872 1.046 -0.968 -2.636 1.003 -1.452 -0.86 0.592 0.305 0.967
7 H -1.775 0.065 0.454 -0.041 -3.72 -0.238 -1.342 -1.634 6.621 -0.748 -1.893 -0.854 -1.176 0.794 -0.301 -1.599 -2.258 1.272 2.414 -0.964
8 N -0.449 0.956 2.819 0.906 -2.1 1.654 0.652 0.727 2.111 -2.35 -0.5 -0.42 -0.765 -1.661 -4.263 -0.928 -0.14 -0.942 -0.929 -2.227
9 L -3.484 -4.631 -5.455 -4.779 -2.595 -5.064 -5.55 -5.507 -4.267 1.573 4.868 -4.849 1.069 3.478 -5.959 -5.302 -3.861 -2.413 -1.735 0.241
