Last position-specific scoring matrix computed, values are in halfbits
A R N D C Q E G H I L K M F P S T W Y V
1 L -1.478 -1.637 -2.319 -3.95 -2.909 1.435 -4.454 -5.184 1.313 2.045 1.12 -1.684 3.012 2.395 -3.382 -0.069 -0.359 -1.066 1.482 1.578
2 P -2.203 -7.39 -3.904 -2.76 -8.237 -4.584 -8.011 -3.769 -4.31 -3.145 -2.209 -7.601 -2.956 -4.771 7.775 -4.403 -4.75 -10.854 -7.784 -0.751
3 L -0.2 -2.554 0.864 0.031 -1.906 1.489 -0.992 0.387 2.52 -1.102 1.01 -2.033 -0.524 0.898 -3.383 1.167 -1.507 -1.648 0.322 -0.069
4 L 0.22 1.915 -2.397 -2.054 -3.427 -0.032 -0.87 -0.634 1.019 -0.098 0.626 1.065 -2.815 -3.616 1.978 -0.005 0.286 -2.552 -1.852 -0.211
5 L -0.265 -6.411 -3.377 -6.912 -3.364 -4.13 -6.491 -3.518 -1.288 1.547 4.056 -5.395 1.211 -2.183 1.976 0.293 -1.147 -5.754 -4.9 0.707
6 L -0.13 -0.937 -2.377 -2.356 -3.488 0.702 -2.412 0.492 0.65 1.197 0.367 -0.65 -1.261 1.203 1.619 -0.531 -0.469 -0.56 0.368 1.078
7 L -0.998 -2.579 0.15 1.042 -2.406 1.238 1.219 -1.003 1.819 0.361 0.803 -3.092 -0.088 -0.795 -1.075 -0.122 0.314 -1.071 -0.975 0.738
8 T -0.448 -2.534 0.284 1.11 -2.158 -0.185 0.982 0.114 2.466 -2.839 -0.644 -2.575 -1.804 -0.909 1.193 0.456 2.13 -2.032 0.356 -1.211
9 L -7.22 -9.563 -8.322 -7.433 -7.826 -10.042 -8.365 -10.124 -7.539 1.176 3.98 -9.795 1.269 6.159 -7.737 -9.086 -7.195 5.13 -0.387 -3.162
