Last position-specific scoring matrix computed, values are in halfbits
A R N D C Q E G H I L K M F P S T W Y V
1 E -2.031 -2.25 0.136 2.536 -5.206 0.931 2.573 -3.235 2.09 -1.646 -2.54 -2.203 0.467 1.046 -5.376 1.017 2.028 -1.317 0.683 -3.063
2 E -5.347 -5.695 -4.897 2.316 -7.655 -2.613 7.065 -6.788 -5.064 -6.522 -8.046 -4.926 -7.151 -7.562 -6.22 -3.536 -5.152 -4.572 -0.982 -6.96
3 E -0.93 -3.134 1.918 -0.03 -4.544 1.253 1.553 -0.421 0.374 -1.098 0.196 0.925 0.803 1.145 -6.202 -0.412 -0.869 -0.617 1.658 -1.557
4 L -0.964 -1.795 -1.142 0.996 -6.341 0.78 1.946 -1.755 -0.034 0.254 1.626 -0.012 0.16 -0.463 1.104 -2.183 -1.859 0.939 -0.395 -0.908
5 L -1.052 -0.739 0.042 -1.447 -6.168 0.323 -0.204 -0.922 -0.502 1.228 1.018 -0.296 -0.317 2.128 0.568 -1.35 -0.067 0.886 -0.397 0.122
6 A 1.519 -0.006 -2.237 -3.284 -5.932 0.67 -0.695 -0.368 -0.772 0.382 0.074 0.157 -0.619 0.336 0.354 -0.488 -0.249 0.233 -0.876 1.437
7 K -1.79 2.831 1.421 -2.257 -5.533 0.944 -2.247 -2.468 3.331 -3.624 -1.134 4.303 -2.91 -3.169 -1.955 -0.714 -1.1 -2.597 -3.411 -1.819
8 L -0.302 0.328 -1.067 -2.835 -5.724 0.787 0.462 -2.25 -0.23 -0.122 0.981 0.709 -0.834 0.006 -4.966 0.237 0.802 -4.206 2.516 0.525
9 I -6.053 -6.886 -8.534 -8.585 -5.511 -6.224 -8.084 -8.694 -7.849 6.662 1.821 -6.156 -1.661 -2.231 -8.854 -8.291 -5.959 -0.366 -3.625 2.197
