#Seq2Logo.py -f /var/www/services/services/GibbsCluster-2.0/tmp/D105heart_361712/cores/gibbs.4of5.core -o /var/www/services/services/GibbsCluster-2.0/tmp/D105heart_361712/logos/gibbs_logos_4of5 -I 2 -p 640x640 --format PNG -b 200 -C 2 -t Group 4 of 5 -Z 1
Last position-specific scoring matrix computed, values are in halfbits
A R N D C Q E G H I L K M F P S T W Y V
1 A 3.147 1.189 -4.617 -6.989 -7.998 0.175 -5.068 1.429 -2.487 -1.738 -3.223 0.385 -2.435 -4.611 -5.264 3.017 -0.149 -9.96 -3.108 0.566
2 T -1.322 -9.163 -6.853 -6.479 -6.61 0.655 -7.679 -4.024 -5.964 1.888 -1.236 -7.051 -2.283 -7.568 -7.377 1.499 4.553 -6.197 -7.396 4.057
3 F 0.075 -7.885 -0.194 -1.927 -8.353 1.424 -4.113 -2.35 -3.43 1.29 1.176 -6.067 3.087 3.976 -4.528 -0.313 -2.149 -2.697 3.322 -0.542
4 D -0.697 -2.757 0.376 2.905 -6.755 -0.04 1.854 0.751 -0.916 -2.237 -2.463 -1.2 -4.853 -1.13 1.772 0.983 0.381 -2.419 -0.943 -1.932
5 P -1.775 -3.081 -0.647 -0.748 -4.805 -1.089 0.358 0.45 0.134 -0.081 -0.953 -0.289 -4.52 1.829 2.57 0.148 0.336 -0.411 1.221 0.575
6 L 0.404 -2.36 -1.847 -4.313 -5.257 0.169 -2.147 -2.047 -0.889 1.903 0.981 -2.147 -0.235 2.957 0.576 -0.611 0.034 -1.653 0.614 1.228
7 I -3.042 -3.9 -1.523 -6.741 -5.824 -2.004 -3.607 -6.145 0.121 3.27 1.577 -2.987 0.84 3.53 -0.47 -2.988 -0.55 0.318 1.07 2.412
8 L -0.287 -0.531 0.199 -5.402 -2.595 2.183 0.529 -1.494 -0.057 -3.003 1.49 -0.238 -1.104 1.217 0.744 -0.55 0.012 -3.185 1.724 -0.922
9 K -6.565 2.066 -5.71 -8.147 -9.676 -5.103 -6.144 -7.568 -0.52 -8.556 -9.03 7.455 -6.159 -10.087 -7.213 -6.755 -5.926 -10.026 -1.853 -7.436