#Seq2Logo.py -f /var/www/services/services/GibbsCluster-2.0/tmp/D105heart_361712/cores/gibbs.1of3.core -o /var/www/services/services/GibbsCluster-2.0/tmp/D105heart_361712/logos/gibbs_logos_1of3 -I 2 -p 640x640 --format PNG -b 200 -C 2 -t Group 1 of 3 -Z 1
Last position-specific scoring matrix computed, values are in halfbits
A R N D C Q E G H I L K M F P S T W Y V
1 F 0.706 0.032 -2.184 -5.047 -8.755 -0.267 -3.362 0.412 1.123 0.319 -0.611 -0.607 0.034 3.19 -7.291 0.728 -0.025 -0.141 2.747 0.124
2 E 2.54 -6.495 -6.556 -6.341 -9.726 -3.93 6.671 -4.918 -6.496 -3.121 -6.747 -6.637 -5.686 -8.432 -6.276 -1.322 -2.513 -10.851 -4.978 -3.901
3 D 0.777 -8.507 -0.072 2.734 -9.233 -1.238 0.973 -3.299 0.481 1.656 -1.096 -4.669 0.745 1.459 -4.276 0.256 0.443 -4.008 0.218 0.706
4 P -0.19 -2.833 -0.179 1.661 -6.203 0.998 1.725 0.627 -0.703 -1.27 -1.123 -1.178 -2.137 -0.933 2.668 0.373 -0.893 -5.867 -1.378 -1.004
5 E -0.087 -3.119 -0.36 1.128 -6.492 -1.235 1.414 1.097 0.154 0.061 -0.211 -1.939 -1.467 -1.579 0.377 -0.168 1.07 -6.4 -1.295 1.023
6 G 0.671 -0.613 -0.53 -0.932 -4.48 0.936 -0.953 1.037 0.699 -1.091 -1.487 0.523 -0.035 0.611 0.658 0.647 0.235 -5.65 -0.153 0.154
7 E 0.014 -3.689 -1.048 -0.017 -4.837 0.987 1.735 -4.652 0.904 1.353 -0.235 -3.82 -0.326 -1.991 1.169 -0.168 1.169 -3.398 -0.641 1.593
8 V 1.39 -2.253 -2.368 -0.819 -1.359 1.212 1.703 -3.832 -0.726 -0.621 -1.418 -1.233 -0.673 -1.005 -5.152 1.547 1.376 -5.831 -1.279 2.133
9 L -6.024 -7.574 -6.32 -8.776 -8.221 -6.135 -7.099 -8.453 -6.231 0.127 6.198 -9.612 0.611 -1.832 -6.013 -9.478 -6.559 -10.217 -6.763 -2.202