#Seq2Logo.py -f /var/www/services/services/GibbsCluster-2.0/tmp/D105heart_361712/cores/gibbs.2of5.core -o /var/www/services/services/GibbsCluster-2.0/tmp/D105heart_361712/logos/gibbs_logos_2of5 -I 2 -p 640x640 --format PNG -b 200 -C 2 -t Group 2 of 5 -Z 1
Last position-specific scoring matrix computed, values are in halfbits
A R N D C Q E G H I L K M F P S T W Y V
1 A 1.633 1.123 -1.331 -2.92 -6.942 1.156 -1.653 0.519 2.209 -1.368 -0.989 1.808 0.946 -0.238 -4.188 -0.335 0.137 0.249 0.149 -0.842
2 E -3.919 -5.88 -3.965 -3.027 -8.322 -2.198 7.388 -5.932 -4.329 -4.994 -6.12 -4.47 -4.339 -5.385 -5.18 -4.939 -4.271 -8.506 -6.101 -6.039
3 E 1.595 -6.481 -3.752 -2.411 -6.661 0.034 2.243 -3.722 -1.698 1.88 -0.123 -3.064 0.633 0.764 -1.716 0.504 -0.416 -3.029 1.42 1.067
4 D -0.149 -1.267 0.779 3.161 -7.053 1.419 2.55 -1.981 -0.789 -1.884 0.099 -1.335 -1.588 0.748 -5.288 -0.224 -1.095 -3.865 -1.093 -1.737
5 E 0.431 -2.854 -0.863 -1.177 -6.186 -1.431 3.117 -4.844 -3.009 1.818 1.61 -3.302 -1.585 -0.389 -1.149 -4.182 1.976 -5.293 -1.591 0.093
6 K 1.135 0.894 -1.184 -1.257 -4.797 2.652 0.378 -3.599 1.609 -0.837 -1.937 2.303 -0.131 -0.203 1.728 -2.97 -4.09 -4.279 -0.43 0.418
7 E 0.321 -4.355 -0.032 2.054 -6.668 1.064 3.415 -3.954 0.748 0.177 -2.195 -4.172 -1.032 -1.485 -2.508 -0.483 0.794 -4.546 -2.614 1.405
8 A 2.57 -0.766 -3.136 -2.976 -0.475 1.938 0.542 -3.583 -0.779 -0.402 -0.583 0.468 0.079 -1.83 -5.539 -2.063 2.055 -5.561 -0.884 1.477
9 L -5.889 -5.803 -4.367 -6.491 -6.429 -3.756 -3.828 -6.957 -3.442 0.187 5.926 -8.264 1.509 -1.113 -7.549 -5.584 -5.674 -7.782 -4.143 -1.878