#Seq2Logo.py -f /var/www/services/services/GibbsCluster-2.0/tmp/D105heart_361712/cores/gibbs.3of3.core -o /var/www/services/services/GibbsCluster-2.0/tmp/D105heart_361712/logos/gibbs_logos_3of3 -I 2 -p 640x640 --format PNG -b 200 -C 2 -t Group 3 of 3 -Z 1
Last position-specific scoring matrix computed, values are in halfbits
A R N D C Q E G H I L K M F P S T W Y V
1 A 3.188 1.23 -4.69 -6.731 -8.205 0.004 -4.956 1.327 -2.487 -1.729 -3.287 0.411 -2.446 -4.339 -5.152 3.034 -0.248 -10.162 -3.003 0.584
2 T -1.039 -9.394 -6.695 -4.916 -6.536 0.307 -8.057 -3.689 -5.879 1.829 -1.404 -7.416 -2.321 -7.794 -5.664 1.641 4.483 -10.186 -7.326 4.058
3 F 0.242 -8.324 -0.584 -2.099 -8.558 1.379 -3.948 -1.941 -3.354 1.252 1.189 -5.935 3.049 3.793 -2.035 -0.118 -2.396 -2.767 3.227 -0.749
4 D -0.732 -2.554 0.455 2.874 -6.881 0.27 1.897 0.676 -0.918 -2.224 -2.704 -1.306 -5.127 -1.393 2.169 0.72 0.396 -2.534 -1.059 -2.022
5 P -1.859 -3.624 -1.089 -0.737 -5.065 -0.793 0.332 0.374 0.252 -0.432 -1.072 -0.455 -4.206 1.794 2.633 0.649 0.155 -0.849 1.066 0.968
6 L 0.474 -2.358 -1.823 -4.497 -5.528 0.428 -3.696 -1.704 -1.448 1.773 1.116 -2.184 -0.279 2.851 1.257 -0.577 0.22 -2.242 0.1 1.119
7 I -3.221 -3.75 -1.155 -6.628 -6.375 -2.317 -2.933 -6.376 0.217 3.085 1.492 -3.327 0.524 3.333 0.378 -2.897 -0.183 0.206 1.017 2.504
8 L -0.4 -0.637 -0.046 -5.44 -2.924 2.348 0.78 -1.544 -0.387 -3.134 1.401 -0.127 -1.677 1.188 0.923 -0.175 -0.059 -3.297 1.624 -1.033
9 K -5.404 2.156 -5.936 -7.057 -9.842 -5.06 -5.494 -6.425 -0.557 -9.329 -7.956 7.35 -4.945 -10.282 -3.35 -7.326 -5.716 -10.256 -2.005 -5.914