#Seq2Logo.py -f /var/www/services/services/GibbsCluster-2.0/tmp/D105heart_361712/cores/gibbs.2of2.core -o /var/www/services/services/GibbsCluster-2.0/tmp/D105heart_361712/logos/gibbs_logos_2of2 -I 2 -p 640x640 --format PNG -b 200 -C 2 -t Group 2 of 2 -Z 1
Last position-specific scoring matrix computed, values are in halfbits
A R N D C Q E G H I L K M F P S T W Y V
1 S 1.479 -0.808 -1.148 0.838 -8.326 0.22 -0.794 -0.408 1.082 -1.399 -2.726 -1.78 0.808 0.923 -7.265 2.313 1.451 -3.387 1.168 -0.989
2 V -0.762 -11.274 -6.397 -7.436 -7.753 1.985 -9.288 -5.22 -6.354 1.654 1.892 -9.584 1.18 -4.139 0.26 -0.182 2.6 -8.705 -7.548 3.75
3 Y 0.847 0.547 -0.608 -4.293 -10.472 0.23 -5.554 -3.165 -0.923 0.795 0.541 -2.676 2.322 3.426 -4.692 -0.757 -2.4 -1.379 4.403 -0.655
4 E -0.713 -2.147 -0.065 2.3 -6.477 0.945 2.07 0.953 -0.726 -2.538 -1.974 -0.414 -3.854 -2.126 2.716 0.296 -0.637 -3.193 -2.368 -1.724
5 P -0.206 -4.542 -0.487 -2.039 -5.574 0.485 -0.413 0.37 0.892 -0.353 -0.702 -2.015 -3.278 1.17 2.413 1.104 0.655 -1.452 -0.186 0.921
6 G 0.477 -2.133 -1.295 -2.955 -4.531 -0.776 -1.478 1.142 0.935 1.19 0.06 -2.969 -0.967 1.735 -0.18 0.898 0.786 -3.726 -1.291 1.076
7 V -1.82 -3.355 -0.521 -5.208 -3.699 0.669 -1.471 -5.464 -0.146 2.398 0.684 -4.081 0.449 1.556 -0.793 0.513 1.829 -1.982 -0.603 2.321
8 A 1.504 -2.064 -1.219 -5.107 -2.008 1.966 1.666 -1.851 -1.211 -3.207 -0.094 -1.284 -1.888 -0.468 -0.36 1.082 1.131 -4.293 0.376 0.936
9 K -7.948 -0.077 -7.481 -8.972 -11.457 -6.621 -7.61 -8.595 -2.666 -9.127 -9.647 5.517 2.336 3.235 -6.735 -8.862 -7.055 -7.507 6.596 -8.564