#Seq2Logo.py -f /var/www/services/services/GibbsCluster-2.0/tmp/D105heart_361712/cores/gibbs.1of4.core -o /var/www/services/services/GibbsCluster-2.0/tmp/D105heart_361712/logos/gibbs_logos_1of4 -I 2 -p 640x640 --format PNG -b 200 -C 2 -t Group 1 of 4 -Z 1
Last position-specific scoring matrix computed, values are in halfbits
A R N D C Q E G H I L K M F P S T W Y V
1 A 3.115 1.264 -4.123 -6.792 -8.025 0.176 -4.966 1.393 -2.303 -1.715 -3.307 0.398 -2.25 -4.865 -4.888 2.96 -0.112 -9.981 -3.092 0.609
2 T -1.141 -9.181 -6.622 -5.651 -6.623 0.528 -7.578 -4.127 -6.292 1.922 -1.39 -6.877 -2.392 -7.591 -7.668 1.567 4.536 -7.017 -7.52 4.048
3 F -0.086 -8.56 -0.45 -2.012 -8.366 1.544 -3.937 -2.223 -3.417 1.353 1.247 -5.77 3.081 3.872 -3.905 -0.345 -1.865 -2.463 3.211 -0.406
4 D -0.616 -2.886 0.434 2.886 -6.668 0.241 1.893 0.531 -1.177 -2.046 -2.463 -1.076 -4.997 -1.081 1.762 0.966 0.307 -2.649 -1.069 -1.806
5 P -2.067 -2.666 -0.374 -1.103 -4.672 -1.108 0.41 0.35 0.061 -0.193 -0.847 -0.404 -4.505 1.729 2.714 0.079 0.41 -0.29 1.416 0.531
6 L 0.44 -2.423 -2.032 -4.599 -4.984 0.593 -1.572 -1.967 -0.868 1.866 1.04 -2.226 -0.68 2.854 0.657 -0.58 -0.003 -1.901 0.363 1.113
7 I -2.907 -3.833 -1.29 -6.053 -5.743 -1.962 -3.654 -6.055 0.208 3.238 1.635 -3.115 0.75 3.525 -0.634 -3.039 -0.482 0.182 1.083 2.348
8 L -0.314 -0.648 -0.021 -5.164 -2.82 2.184 0.648 -1.547 -0.336 -2.687 1.527 -0.035 -1.142 1.194 0.768 -0.641 0.121 -3.308 1.507 -0.859
9 K -6.496 2.013 -5.979 -6.661 -9.692 -5.443 -5.544 -7.694 -0.384 -8.557 -8.917 7.44 -5.839 -10.045 -7.362 -7.474 -5.963 -10.009 -1.419 -6.861