#Seq2Logo.py -f /var/www/services/services/GibbsCluster-2.0/tmp/D105heart_361712/cores/gibbs.5of6.core -o /var/www/services/services/GibbsCluster-2.0/tmp/D105heart_361712/logos/gibbs_logos_5of6 -I 2 -p 640x640 --format PNG -b 200 -C 2 -t Group 5 of 6 -Z 1
Last position-specific scoring matrix computed, values are in halfbits
A R N D C Q E G H I L K M F P S T W Y V
1 A 3.118 1.438 -4.846 -7.344 -7.917 0.053 -5.047 1.497 -2.763 -1.897 -3.241 0.457 -2.396 -4.853 -5.91 2.967 -0.305 -9.866 -3.0 0.724
2 T -1.187 -9.089 -6.217 -6.901 -6.606 0.368 -9.258 -4.001 -6.365 1.863 -1.552 -6.967 -2.353 -7.487 -6.903 1.486 4.625 -6.91 -7.874 4.111
3 F 0.186 -8.527 -0.452 -2.019 -8.236 1.264 -4.034 -2.257 -3.312 1.342 1.261 -6.319 3.199 3.845 -4.421 -0.097 -2.216 -2.297 3.25 -0.533
4 D -0.658 -2.598 0.518 2.872 -6.669 0.367 1.905 0.581 -1.019 -2.138 -2.419 -1.063 -4.976 -1.157 1.6 0.812 0.296 -2.031 -0.954 -1.611
5 P -1.858 -3.158 -0.404 -1.026 -5.105 -0.908 0.578 0.371 0.189 0.016 -0.809 -0.533 -4.536 1.83 2.404 0.311 0.096 -0.751 1.185 0.75
6 L 0.027 -2.332 -2.23 -4.24 -5.081 -0.002 -2.094 -2.12 -0.95 1.958 1.193 -2.105 -0.133 2.835 1.032 -0.692 0.254 -1.804 0.466 1.123
7 I -3.274 -3.788 -1.421 -6.774 -6.251 -1.983 -3.499 -6.544 0.261 3.165 1.586 -2.824 0.846 3.528 -0.625 -2.982 -0.225 0.439 1.049 2.427
8 L -0.513 -0.599 -0.069 -5.413 -2.428 2.097 0.665 -1.64 0.003 -2.634 1.504 0.06 -1.265 1.325 0.764 -0.71 0.094 -2.805 1.68 -0.867
9 K -7.414 1.937 -6.782 -8.344 -9.603 -5.431 -5.957 -7.006 -0.558 -8.833 -9.413 7.501 -6.254 -10.023 -8.396 -7.089 -6.374 -9.944 -1.976 -7.404