#Seq2Logo.py -f /var/www/services/services/GibbsCluster-2.0/tmp/D105heart_361712/cores/gibbs.3of4.core -o /var/www/services/services/GibbsCluster-2.0/tmp/D105heart_361712/logos/gibbs_logos_3of4 -I 2 -p 640x640 --format PNG -b 200 -C 2 -t Group 3 of 4 -Z 1
Last position-specific scoring matrix computed, values are in halfbits
A R N D C Q E G H I L K M F P S T W Y V
1 F -0.02 -4.386 -1.685 -4.648 -7.476 -3.295 -6.16 -4.577 -2.104 0.504 0.195 -4.669 -0.561 5.077 -4.074 1.147 -0.394 -2.774 3.77 1.303
2 A 5.145 -5.787 -5.569 -7.729 -6.677 -1.606 -5.678 -0.151 -5.637 -0.242 -2.694 -5.346 -2.279 -6.415 -1.701 1.789 0.481 -9.142 -2.62 0.402
3 A 1.321 -7.869 -0.312 2.288 -7.224 -0.369 -3.561 -3.18 -0.104 1.921 -0.588 -5.347 1.56 0.947 -2.113 -0.083 -0.019 -4.423 2.533 1.084
4 P -0.618 -3.685 -0.89 2.013 -5.287 -1.001 1.103 2.646 -0.756 -3.661 -1.942 -2.736 -3.793 -1.9 4.169 0.03 -1.356 -4.324 -2.631 -2.793
5 P 1.101 -1.438 -0.179 -0.718 -5.48 -0.779 -2.99 0.297 0.621 -1.013 -2.424 -2.087 -2.197 -1.77 3.059 0.612 1.004 -4.707 -1.243 2.119
6 G 0.637 -2.77 -0.397 -1.257 -5.203 -1.073 -3.018 2.942 0.396 -0.462 -1.497 -4.922 0.76 1.407 0.709 1.126 0.828 -4.898 -0.383 -0.483
7 S -0.19 -1.227 -0.571 -0.981 -4.616 0.334 -0.636 -4.624 1.569 -1.385 0.869 -1.437 0.996 -2.779 2.784 1.731 0.846 -4.448 -1.624 -0.084
8 A 2.629 -4.016 -2.651 -1.676 -3.916 -0.324 2.635 -2.438 -2.663 -1.147 -3.875 -4.146 -3.017 -1.746 -0.912 2.284 1.205 -9.013 -1.636 1.415
9 L -3.109 -3.136 -6.535 -8.776 -7.178 -4.917 -8.147 -7.139 -8.843 -1.092 5.518 -6.294 2.72 1.217 -0.954 -5.495 -3.906 -5.11 -6.583 -0.111