Last position-specific scoring matrix computed, values are in halfbits
A R N D C Q E G H I L K M F P S T W Y V
1 S 1.275 0.173 -0.638 -4.904 -5.566 -1.538 -5.365 -1.07 -0.853 -0.972 -2.534 0.186 -3.035 2.43 -7.293 2.96 0.0 -1.407 2.68 0.737
2 A 3.412 -6.712 -2.515 -6.802 -2.135 3.28 -6.959 1.08 -3.198 -2.585 -3.078 -4.707 2.219 -5.109 -5.188 3.103 0.428 -7.053 -1.075 -1.156
3 L -2.344 -6.576 -0.967 -7.351 -5.474 -2.441 -6.256 -1.56 1.494 2.811 2.453 -5.786 1.192 -1.621 3.128 -4.136 -3.042 -2.672 0.043 2.631
4 V -1.56 0.786 -1.595 -2.955 -6.027 2.115 1.341 -3.22 -0.722 0.609 -0.106 0.284 -0.546 -1.417 -1.663 0.38 1.474 -2.297 -1.01 1.556
5 N -4.161 -6.777 7.531 -0.818 -8.757 -4.275 -6.039 -1.551 1.054 -5.736 -0.566 -2.477 -2.444 -3.105 -5.215 -0.531 -4.055 -7.465 -5.623 -5.596
6 L -0.242 -0.635 -1.51 -2.476 -6.565 1.906 -2.13 -0.076 0.688 1.092 0.667 0.153 -0.329 -0.224 0.013 -0.3 0.502 -1.338 -0.211 0.974
7 E -0.853 -3.586 -1.085 2.74 -5.584 1.01 2.457 -3.413 2.255 -0.567 -1.962 -3.006 -0.898 -1.203 -2.094 -0.249 2.346 -1.501 -0.763 0.279
8 T -0.653 -1.794 -0.755 -2.065 -7.384 -0.362 0.932 -5.106 3.307 -2.494 -0.861 -1.655 -2.226 1.644 -0.348 -0.701 2.392 -0.835 3.233 1.101
9 L -2.804 -8.95 -10.311 -10.537 -5.118 -7.826 -9.802 -9.765 -9.401 3.852 4.271 -8.338 4.953 0.665 -5.32 -8.071 -4.673 -7.396 -6.045 1.585
