Last position-specific scoring matrix computed, values are in halfbits
A R N D C Q E G H I L K M F P S T W Y V
1 V 0.624 0.335 -3.336 -6.517 -4.519 -0.075 -3.009 -4.189 -4.36 2.024 -3.284 0.887 -1.63 -2.674 -7.455 2.76 0.702 -9.018 -4.608 3.435
2 S 1.406 -2.288 3.247 -5.968 -4.516 -0.136 -6.996 0.6 -0.376 2.354 -2.495 -7.701 -0.05 -2.783 -5.351 1.916 0.964 0.498 -4.486 1.06
3 Y -2.376 -3.123 -3.11 -4.424 -5.6 -1.094 -6.094 -6.084 -1.157 1.243 1.134 -5.798 -0.235 3.719 2.424 -3.973 -4.358 1.126 5.212 1.199
4 E -1.079 0.442 -0.54 1.807 -6.045 1.046 2.68 -1.259 -0.016 -0.909 -1.837 -0.553 -3.308 -1.416 0.79 0.746 -0.227 -1.021 -0.797 -0.925
5 F -3.572 1.789 -2.243 -4.555 -8.154 -3.611 -3.692 -2.828 3.362 -3.289 -0.447 1.164 -2.106 5.817 -0.299 -3.988 -3.684 0.55 3.516 -4.065
6 L -1.815 -1.727 -1.734 -2.704 -6.142 0.217 -0.866 -1.7 0.645 0.86 1.062 -0.327 -0.997 2.906 -0.61 -0.654 0.795 -1.606 2.629 0.364
7 A 0.84 -0.674 1.547 -4.045 -4.566 1.907 0.717 -1.651 1.026 -0.988 -0.715 -1.861 -1.749 -2.623 1.277 0.711 1.338 -1.483 -1.318 0.29
8 R -0.749 2.663 2.434 -3.895 -7.85 2.346 -1.556 0.92 1.929 -4.828 -0.558 0.56 -1.329 -2.638 -1.592 0.128 0.749 -7.236 -0.133 -2.747
9 L -5.478 -6.451 -9.811 -10.109 -4.196 -8.51 -9.88 -8.046 -8.727 1.069 4.746 -7.461 4.833 2.769 -10.321 -9.535 -6.605 -4.143 -4.333 2.261
