#Seq2Logo.py -f /var/www/services/services/GibbsCluster-2.0/tmp/D90_HLA_3844874/cores/gibbs.5of6.core -o /var/www/services/services/GibbsCluster-2.0/tmp/D90_HLA_3844874/logos/gibbs_logos_5of6 -I 2 -p 640x640 --format PNG -b 200 -C 2 -t Group 5 of 6 -Z 1
Last position-specific scoring matrix computed, values are in halfbits
A R N D C Q E G H I L K M F P S T W Y V
1 S 1.88 -4.625 -2.376 -5.177 -9.597 -0.102 -3.843 -1.58 -1.933 1.039 1.652 -8.363 0.683 0.214 -1.472 2.453 0.436 -2.447 -2.04 1.154
2 L 1.524 -5.347 -1.851 -0.638 -10.01 -2.131 2.358 2.267 -5.909 -2.845 2.177 -5.688 -2.373 0.566 -3.56 -0.382 -1.756 -3.312 0.8 -1.55
3 P 0.923 -3.844 1.398 -0.177 -7.504 0.864 -1.705 1.347 -4.202 -3.086 -3.55 -6.423 -1.207 -0.598 3.008 1.208 1.835 -1.938 -1.725 0.196
4 V 0.641 -6.444 -4.799 -4.554 -7.386 -1.769 -1.324 1.765 -3.601 -1.22 1.562 -8.739 -0.43 -0.978 3.26 -0.646 -1.44 -3.127 -2.89 2.821
5 A 2.258 -4.952 -3.206 -1.467 -8.174 0.077 1.072 0.097 -4.637 -3.587 -0.688 -6.85 -3.629 -3.101 3.478 1.413 1.86 -2.364 -1.898 -1.47
6 G 2.836 -3.47 0.793 -2.582 -5.851 -0.824 -3.557 4.131 -3.084 -5.437 -6.694 -6.203 -1.932 -1.545 4.26 -2.178 -3.255 -4.19 -3.643 -4.194
7 E 0.768 -4.318 -3.406 -1.94 -5.702 1.96 2.675 -2.93 -5.004 -0.751 0.015 -6.369 0.516 -1.868 -4.449 1.771 0.566 -3.946 -1.55 2.377
8 P 2.263 -6.177 -2.503 -3.766 -6.916 -1.727 -1.413 -0.304 -6.139 -2.297 -0.154 -7.43 -1.801 0.465 4.875 -0.327 1.061 -5.18 -2.103 -0.395
9 V 1.889 -3.472 -4.211 -4.57 -9.486 -2.251 -7.341 -5.814 -5.371 0.956 1.564 -6.666 -2.664 2.273 -1.255 -2.423 0.716 -5.045 -2.173 4.22