#Seq2Logo.py -f /var/www/services/services/GibbsCluster-2.0/tmp/D90_HLA_3844874/cores/gibbs.1of3.core -o /var/www/services/services/GibbsCluster-2.0/tmp/D90_HLA_3844874/logos/gibbs_logos_1of3 -I 2 -p 640x640 --format PNG -b 200 -C 2 -t Group 1 of 3 -Z 1
Last position-specific scoring matrix computed, values are in halfbits
A R N D C Q E G H I L K M F P S T W Y V
1 L -0.426 -5.136 -0.763 2.643 -5.392 -1.165 -2.3 -4.228 -1.03 0.843 1.937 -4.903 1.073 1.238 -2.769 -0.857 0.334 -2.681 1.469 1.422
2 A 4.412 -7.182 -5.147 -5.851 -11.212 -3.56 -6.401 2.816 -2.976 -5.28 -7.129 -7.965 -0.8 -4.337 5.559 -4.74 -5.436 -4.914 -5.714 -5.856
3 Y 1.405 -1.767 0.052 -5.862 -7.974 -3.345 -5.328 -2.968 -0.667 0.5 0.605 -4.299 0.452 3.128 0.008 0.38 -1.638 0.502 3.886 0.689
4 G 0.023 -2.856 -0.575 0.495 -5.536 -0.27 0.313 1.998 -1.332 -2.571 0.982 -1.537 -1.896 -3.672 2.894 -0.257 1.322 -2.01 -3.254 -3.026
5 V 0.398 -0.735 -2.015 -1.926 -5.243 1.111 -1.995 1.439 -0.638 -0.502 -3.795 -3.331 -1.707 1.366 2.876 0.186 -2.056 -1.217 -0.647 2.521
6 L 1.476 -3.435 -3.381 -4.767 -5.203 -0.828 -3.763 0.984 -3.565 2.309 1.495 -2.292 0.644 0.536 0.856 -0.477 0.859 -3.117 -1.797 -0.011
7 L 0.84 -0.093 -0.026 -3.112 -4.513 1.852 -2.118 -4.55 -0.757 0.452 0.858 -4.018 0.83 -1.822 1.961 0.695 1.206 -5.009 -2.247 0.938
8 T -0.364 -3.71 -0.738 -4.691 -3.292 0.284 0.631 -2.307 -0.85 -1.563 -0.052 -1.302 -1.248 -0.518 2.273 1.054 2.548 -6.241 -0.718 1.442
9 V -3.035 -5.261 -7.581 -6.674 -11.016 -7.046 -8.024 -9.408 -5.47 4.791 1.554 -7.53 -0.428 1.225 -2.625 -6.306 -3.322 -5.66 -3.021 4.722