#Seq2Logo.py -f /var/www/services/services/GibbsCluster-2.0/tmp/D90_HLA_3844874/cores/gibbs.2of4.core -o /var/www/services/services/GibbsCluster-2.0/tmp/D90_HLA_3844874/logos/gibbs_logos_2of4 -I 2 -p 640x640 --format PNG -b 200 -C 2 -t Group 2 of 4 -Z 1
Last position-specific scoring matrix computed, values are in halfbits
A R N D C Q E G H I L K M F P S T W Y V
1 L -0.306 1.712 -0.547 -1.371 -5.819 0.576 -1.486 -2.039 0.195 -0.375 0.358 0.577 -0.957 1.822 -4.267 -0.395 -0.111 -2.209 2.833 0.525
2 T -0.854 -5.52 -4.098 -3.356 -8.046 -3.758 -4.174 -4.485 -5.828 1.46 1.482 -7.123 -0.351 -5.878 -6.823 3.08 4.067 -4.083 -3.605 1.751
3 D -3.534 -1.332 0.961 5.289 -6.536 -0.609 3.143 -5.37 -2.403 -0.057 -4.987 -1.971 -0.738 0.778 -4.754 -2.138 -2.551 -2.539 0.671 -3.381
4 P -0.014 -2.148 0.311 2.05 -4.709 -1.124 1.66 1.043 -0.44 -2.328 -1.912 -0.525 -3.448 -2.112 3.21 0.593 -0.746 -2.106 -1.875 -2.683
5 G -2.285 -0.495 1.129 0.853 -5.066 1.104 1.13 1.321 2.247 -0.998 -0.915 -1.91 -0.696 -0.666 -2.777 0.896 -0.51 -0.117 1.058 -0.354
6 I 0.122 -0.424 -0.986 -1.596 -5.509 -0.341 -2.942 -2.235 -0.702 1.836 -0.144 -0.932 -0.531 1.586 1.6 -1.093 1.601 -3.348 -0.081 1.315
7 L -1.544 -3.395 -0.173 0.572 -5.568 2.488 1.684 -4.282 0.116 -0.568 2.776 -5.844 0.878 -1.183 -3.616 0.09 -0.908 -0.076 -2.018 0.008
8 L -1.923 1.627 -1.503 -2.56 -5.907 0.819 1.652 -3.641 0.571 -2.447 1.515 0.417 -0.493 1.337 -3.011 -0.476 0.811 -4.648 1.225 0.009
9 Y -6.278 -4.448 -6.632 -7.813 -10.656 -6.694 -8.496 -12.67 -4.076 -1.573 3.161 -6.059 -0.563 2.615 -7.765 -8.01 -5.488 -4.293 7.509 0.07