#Seq2Logo.py -f /var/www/services/services/GibbsCluster-2.0/tmp/D90_HLA_3844874/cores/gibbs.5of5.core -o /var/www/services/services/GibbsCluster-2.0/tmp/D90_HLA_3844874/logos/gibbs_logos_5of5 -I 2 -p 640x640 --format PNG -b 200 -C 2 -t Group 5 of 5 -Z 1
Last position-specific scoring matrix computed, values are in halfbits
A R N D C Q E G H I L K M F P S T W Y V
1 R 1.37 3.651 0.333 -4.772 -6.133 -1.02 -4.329 -0.107 0.773 -0.323 -4.006 2.351 -3.397 -1.012 -3.721 1.147 0.232 -4.385 -0.971 -1.314
2 S 0.512 -6.072 0.34 0.298 -7.972 0.367 -1.936 -1.888 -4.177 1.746 -0.088 -6.077 1.743 -1.105 -7.43 2.626 2.056 -3.644 -2.642 0.704
3 L -2.53 -2.877 1.948 -3.167 -4.931 -1.771 -6.56 -4.097 -1.405 2.728 2.107 -3.635 0.518 3.542 -2.986 -1.813 0.006 0.389 2.003 -0.078
4 P -0.34 -3.231 -0.867 2.55 -5.834 -0.497 2.404 2.041 0.059 -4.33 -5.968 -1.414 -4.166 -3.051 3.841 0.835 -2.697 -2.862 -3.892 -4.956
5 R -2.005 1.879 1.907 -0.324 -4.711 1.529 -0.931 -0.576 3.079 -0.717 -0.745 0.933 -3.62 0.39 -2.766 -0.206 -0.198 0.011 0.349 -0.846
6 I 1.268 -2.318 -4.519 -3.619 -5.768 -2.0 -3.135 -7.087 -1.445 3.274 1.502 -3.277 -0.944 2.649 1.539 -2.203 -1.964 -1.535 -1.305 1.846
7 L -3.545 0.322 -3.052 -6.357 -7.732 1.213 -4.951 -5.696 -0.452 0.436 4.451 -3.697 0.975 0.004 -2.942 -0.954 -0.823 -1.818 -1.436 -0.097
8 E -3.001 1.775 -1.833 -2.792 -5.756 1.815 2.554 -3.998 -0.913 -1.25 0.43 0.969 -0.756 0.813 -2.668 -0.622 1.134 -2.439 0.581 -0.195
9 L -4.406 -5.02 -6.23 -8.246 -9.683 -6.009 -10.214 -8.477 -4.116 2.29 4.028 -4.161 0.727 1.444 -4.375 -7.297 -3.113 -4.289 -5.602 4.309