#Seq2Logo.py -f /var/www/services/services/GibbsCluster-2.0/tmp/D90_HLA_3844874/cores/gibbs.2of3.core -o /var/www/services/services/GibbsCluster-2.0/tmp/D90_HLA_3844874/logos/gibbs_logos_2of3 -I 2 -p 640x640 --format PNG -b 200 -C 2 -t Group 2 of 3 -Z 1
Last position-specific scoring matrix computed, values are in halfbits
A R N D C Q E G H I L K M F P S T W Y V
1 S 0.876 2.1 -0.955 -4.992 -4.319 0.958 -2.207 -0.401 1.794 0.051 -1.142 0.194 -0.89 -1.296 -4.403 2.018 0.665 -2.914 -0.323 0.142
2 Q -5.424 -5.411 0.194 0.472 -7.084 5.259 1.145 -5.916 -4.287 -0.395 0.116 -6.442 1.946 -0.111 -7.726 2.217 -0.209 -4.313 -3.547 -0.926
3 L -3.289 -1.218 0.787 -6.99 -7.295 -1.152 -5.614 -4.816 -0.67 2.215 2.095 -4.163 0.086 2.923 -3.79 -2.32 0.941 0.515 3.285 1.301
4 P 0.714 -0.379 -1.357 0.817 -5.236 1.744 2.273 -0.064 -2.972 -2.43 -1.65 -0.441 -3.44 -2.233 3.33 0.776 -3.115 -1.586 -3.175 -2.611
5 L -3.897 -1.569 0.669 -1.49 -5.971 0.761 -1.408 -3.547 1.545 1.965 2.476 -1.342 0.173 0.435 -4.947 -0.975 1.407 -1.924 -0.73 0.638
6 P 1.603 -3.036 -5.392 -3.722 -7.025 -0.728 -2.741 -2.649 -1.421 1.465 -0.413 -4.558 1.002 1.854 4.239 -3.245 -2.159 -2.677 -1.829 2.293
7 L -3.822 0.335 0.064 -0.367 -5.073 2.29 1.737 -5.844 -1.277 -2.144 3.012 -1.316 0.3 -3.089 -4.016 0.845 -0.036 -2.292 -3.454 -0.971
8 L -0.413 0.678 -1.727 -4.059 -3.468 1.398 1.274 -3.374 -0.274 -0.352 0.672 0.009 -1.084 -0.363 1.075 -0.81 1.394 -3.927 -0.63 1.005
9 V -6.35 -5.92 -7.373 -8.105 -11.167 -5.491 -9.031 -9.926 -6.235 4.555 3.172 -8.13 -1.14 -1.703 -5.427 -7.253 -3.753 -6.046 -7.269 4.684