#Seq2Logo.py -f /var/www/services/services/GibbsCluster-2.0/tmp/D90_HLA_3844874/cores/gibbs.2of2.core -o /var/www/services/services/GibbsCluster-2.0/tmp/D90_HLA_3844874/logos/gibbs_logos_2of2 -I 2 -p 640x640 --format PNG -b 200 -C 2 -t Group 2 of 2 -Z 1
Last position-specific scoring matrix computed, values are in halfbits
A R N D C Q E G H I L K M F P S T W Y V
1 L -0.93 -1.223 -0.561 1.798 -4.494 0.296 -2.086 -1.768 1.315 0.667 1.182 -3.044 0.867 -0.011 -3.89 0.842 0.14 -2.628 1.122 1.11
2 P 2.205 -7.193 -2.089 -2.36 -8.568 4.636 -0.697 1.136 -3.503 -5.669 -6.921 -6.591 1.963 -0.578 4.315 0.344 -6.073 -4.968 -5.177 -5.241
3 L -0.894 -0.096 0.036 -6.747 -8.383 -2.468 -6.156 -5.784 -0.069 1.522 1.994 -4.021 -0.216 3.213 -1.079 -2.695 -2.064 1.137 4.278 1.015
4 P 0.526 -2.018 -0.9 0.017 -5.165 0.426 1.406 0.872 -1.276 -0.928 -1.107 -0.428 -1.974 -3.076 3.023 0.167 1.342 -2.124 -2.432 -2.523
5 L -2.559 -1.158 -1.649 -3.427 -6.752 1.903 -3.08 -3.107 -0.046 0.778 2.204 -2.407 -0.625 1.577 0.4 -0.551 -0.176 -1.627 -1.328 2.543
6 P 1.683 -3.547 -4.557 -5.244 -5.731 -0.99 -3.363 0.47 -3.034 2.252 -0.656 -3.331 1.687 0.559 3.816 -1.621 -0.402 -2.282 -1.447 0.64
7 L -1.317 1.045 0.72 -1.6 -4.718 1.882 -0.131 -6.158 -0.519 -1.301 2.251 -1.147 0.34 -2.299 -0.184 1.004 0.605 -3.435 -2.656 -0.222
8 T -0.33 -1.567 -1.615 -4.841 -2.93 1.068 1.073 -2.489 0.096 -0.344 0.066 -0.194 -1.316 -0.487 1.332 -0.156 2.388 -5.013 -0.662 1.277
9 I -6.479 -6.549 -7.093 -7.7 -11.907 -6.248 -8.868 -10.661 -5.945 5.569 0.337 -7.503 -1.25 -3.46 -3.886 -6.73 -3.557 -5.83 -7.429 5.189