#Seq2Logo.py -f /var/www/services/services/GibbsCluster-2.0/tmp/D90_HLA_3844874/cores/gibbs.3of5.core -o /var/www/services/services/GibbsCluster-2.0/tmp/D90_HLA_3844874/logos/gibbs_logos_3of5 -I 2 -p 640x640 --format PNG -b 200 -C 2 -t Group 3 of 5 -Z 1
Last position-specific scoring matrix computed, values are in halfbits
A R N D C Q E G H I L K M F P S T W Y V
1 Y -0.432 -2.267 0.273 -0.748 -5.855 0.642 -0.466 -2.482 1.095 -0.516 -0.104 -2.352 0.108 2.373 -3.782 0.219 0.406 -1.239 3.435 1.242
2 T 1.514 -6.507 -5.436 -4.478 -7.667 -3.17 -4.565 -2.773 -4.612 1.095 1.2 -6.907 0.383 -4.031 -5.13 2.847 3.797 -3.328 -4.108 1.074
3 D -2.387 -0.649 -0.575 5.61 -6.357 0.286 3.22 -4.915 -1.791 -1.963 -7.131 0.068 -1.178 -0.058 -2.946 -3.361 -4.669 -6.159 -0.059 -3.984
4 P -0.836 -2.697 0.228 1.536 -5.386 -0.754 1.377 1.283 -0.814 -0.773 -1.104 -1.772 -2.291 -1.231 2.774 0.14 0.223 -1.04 -1.335 -0.653
5 S -0.385 -2.59 0.57 0.905 -6.11 1.082 0.855 0.131 0.688 -0.565 -0.792 -3.327 -0.162 -0.043 0.833 1.287 -0.255 -0.424 0.966 -0.584
6 T -1.115 0.393 0.152 -1.936 -4.359 -0.058 -3.08 1.404 -0.642 0.417 -1.178 -0.844 -0.187 0.707 1.188 -0.635 2.078 -3.157 -0.256 0.918
7 L -1.141 -4.833 0.149 1.174 -4.795 2.258 2.004 -2.462 0.513 -0.876 1.342 -5.252 0.826 -1.938 -3.315 1.204 0.279 0.446 -1.387 -0.126
8 L -1.052 0.061 -1.329 -3.024 -4.405 0.322 1.177 -2.019 1.25 -2.363 1.0 -0.436 -0.539 1.221 -2.03 0.378 1.889 -4.146 1.424 0.299
9 Y -6.852 -3.494 -7.039 -6.365 -10.375 -5.327 -8.305 -9.417 -3.557 -3.931 -5.051 -6.285 -3.191 4.711 -7.438 -6.809 -3.704 -4.27 8.67 -3.566