#Seq2Logo.py -f /var/www/services/services/GibbsCluster-2.0/tmp/D90_HLA_3844874/cores/gibbs.2of5.core -o /var/www/services/services/GibbsCluster-2.0/tmp/D90_HLA_3844874/logos/gibbs_logos_2of5 -I 2 -p 640x640 --format PNG -b 200 -C 2 -t Group 2 of 5 -Z 1
Last position-specific scoring matrix computed, values are in halfbits
A R N D C Q E G H I L K M F P S T W Y V
1 S 2.102 -5.766 -0.545 -4.959 -7.226 -0.521 -3.714 -2.593 -2.214 1.228 -1.027 -7.602 0.256 1.045 -2.228 3.172 1.906 -4.168 -0.991 0.605
2 L 2.625 -6.301 -0.848 -1.986 -6.794 -3.277 -3.124 2.111 -5.677 -0.987 3.099 -7.199 -2.535 1.203 -3.649 -2.236 -3.063 -3.526 -1.404 0.715
3 A 1.756 -5.49 0.501 -5.173 -8.583 -2.748 -0.256 0.034 -3.995 -0.319 -1.739 -6.496 -0.337 -1.397 2.667 1.7 1.651 -2.536 -0.895 1.288
4 P 0.271 -4.43 -0.754 1.39 -9.203 1.696 -1.363 2.3 -2.651 -5.041 -4.852 -7.307 -2.12 -1.652 4.496 1.564 -0.444 -2.254 -3.341 -3.134
5 G 1.776 -6.839 -2.972 -3.358 -6.951 -2.605 1.088 2.435 -3.734 0.192 0.846 -7.032 -2.864 -1.768 2.182 -2.615 -1.621 -4.022 -3.741 2.325
6 G 2.111 -4.528 -1.061 -0.731 -7.329 0.046 -3.172 2.512 -4.816 -2.003 -1.405 -8.16 -2.309 0.507 3.423 -0.773 -0.661 -3.607 -2.226 1.211
7 S 0.943 -5.657 -3.573 -1.01 -6.841 2.625 2.184 -3.51 -3.708 -0.239 -0.183 -7.152 0.717 -1.768 -4.297 2.038 2.277 -4.839 -3.072 0.574
8 P 2.075 -5.951 -0.911 -2.818 -6.224 -1.496 -1.379 -0.348 -3.849 -2.255 -0.523 -7.794 -1.699 -0.903 4.557 0.103 -0.189 -4.077 -1.88 1.639
9 V 2.142 -4.896 -4.285 -5.408 -9.965 -4.5 -8.441 -6.826 -6.462 -1.17 1.86 -5.8 -1.706 3.883 -1.126 -2.814 0.944 -5.088 -2.2 3.77