#Seq2Logo.py -f /var/www/services/services/GibbsCluster-2.0/tmp/D90_HLA_3844874/cores/gibbs.6of6.core -o /var/www/services/services/GibbsCluster-2.0/tmp/D90_HLA_3844874/logos/gibbs_logos_6of6 -I 2 -p 640x640 --format PNG -b 200 -C 2 -t Group 6 of 6 -Z 1
Last position-specific scoring matrix computed, values are in halfbits
A R N D C Q E G H I L K M F P S T W Y V
1 D -0.757 -4.317 1.036 4.141 -5.346 -0.39 -1.424 -5.445 2.03 -0.236 -4.622 -2.586 -0.472 1.04 -3.698 0.998 1.089 -4.092 0.658 1.037
2 A 5.484 -6.244 -2.838 -3.796 -8.99 -4.391 -4.101 3.347 -2.763 -2.058 -8.167 -6.207 -2.576 -2.471 -8.117 0.96 -5.577 -2.631 -4.267 -4.433
3 L 0.481 -2.572 -2.667 -5.845 -8.044 -2.48 -5.081 -3.871 -0.134 1.86 1.173 -2.738 0.651 3.475 1.472 -1.593 -3.249 0.344 3.898 0.531
4 G 1.127 -1.279 0.848 1.029 -5.78 -1.271 1.03 2.05 -2.53 -2.209 -1.123 -0.036 -2.577 -3.497 0.514 0.542 1.185 -1.562 -1.77 -2.905
5 V -2.26 -4.446 0.259 0.109 -5.34 -0.28 -4.018 -0.23 -0.044 2.614 -0.445 -4.315 -0.432 2.621 -2.054 -0.844 -1.397 -1.286 -0.483 3.295
6 L -0.544 -1.654 -3.768 -5.242 -5.823 -2.339 -3.86 -0.814 -3.369 1.602 2.29 -2.971 1.597 1.51 3.068 -2.603 1.11 -2.207 -0.267 -0.091
7 S 0.557 -2.437 1.604 0.448 -2.693 3.096 -0.041 -2.517 -0.409 -1.976 -4.502 -0.198 0.886 -3.138 -0.751 2.454 1.223 -3.806 -2.52 -0.818
8 T -1.403 0.38 -2.319 -5.469 -4.719 -0.572 0.889 -3.588 0.735 0.292 0.445 -1.889 -1.801 0.002 -2.748 0.085 3.331 -4.877 -0.765 2.122
9 I -4.713 -6.465 -5.727 -6.706 -6.975 -6.78 -7.399 -8.671 -3.876 5.005 0.872 -5.843 0.649 3.763 -5.81 -8.534 -5.064 -5.489 -1.412 4.079