#Seq2Logo.py -f /var/www/services/services/GibbsCluster-2.0/tmp/D90_HLA_3844874/cores/gibbs.4of4.core -o /var/www/services/services/GibbsCluster-2.0/tmp/D90_HLA_3844874/logos/gibbs_logos_4of4 -I 2 -p 640x640 --format PNG -b 200 -C 2 -t Group 4 of 4 -Z 1
Last position-specific scoring matrix computed, values are in halfbits
A R N D C Q E G H I L K M F P S T W Y V
1 L -5.182 -4.249 -1.277 3.489 -4.291 -2.283 -2.011 -5.151 -0.468 1.218 2.269 -3.357 1.555 1.125 -2.478 -2.898 -0.609 -2.794 1.878 1.585
2 P 4.152 -6.418 -4.882 -3.459 -6.966 -6.285 -7.201 1.677 -3.545 -5.635 -6.196 -6.575 -0.642 -3.205 6.162 -6.009 -5.255 -4.951 -5.41 -4.98
3 L -0.332 -1.401 -0.56 -5.825 -8.639 -3.927 -5.397 -5.601 0.184 0.993 1.802 -3.376 0.37 3.574 -0.342 -1.868 -2.298 1.166 4.604 0.461
4 P 0.192 -3.351 -0.631 1.276 -5.191 0.03 1.067 0.561 -1.154 -0.446 0.218 -0.879 -2.194 -3.532 2.993 0.1 0.954 -2.203 -2.348 -3.333
5 V -2.018 0.418 0.563 -0.987 -4.367 1.35 -1.871 1.391 0.15 -1.799 -2.487 -1.289 -1.005 0.945 1.876 0.545 -2.364 -0.699 -0.797 2.443
6 L 1.411 -2.313 -3.477 -5.074 -5.139 -0.613 -3.719 -2.317 -2.836 2.85 1.775 -1.645 0.773 1.266 -0.385 -0.873 1.512 -3.431 -0.848 -0.078
7 L -0.867 0.664 -0.047 -2.749 -3.538 1.062 -1.522 -4.327 -0.102 0.514 1.409 -2.749 1.017 -1.024 2.948 -0.018 -0.258 -4.495 -2.302 1.014
8 T -1.22 -1.166 -0.222 -4.545 -2.535 0.824 0.73 -2.825 -0.241 -0.523 0.591 0.048 -1.698 -0.813 -2.726 1.168 2.868 -6.006 0.016 0.979
9 I -5.589 -7.151 -7.316 -8.097 -10.065 -8.195 -7.724 -8.449 -4.677 5.516 1.035 -8.019 -0.197 -1.341 -4.31 -7.873 -4.15 -6.752 -5.058 4.877