#Seq2Logo.py -f /var/www/services/services/GibbsCluster-2.0/tmp/D90_HLA_3844874/cores/gibbs.3of6.core -o /var/www/services/services/GibbsCluster-2.0/tmp/D90_HLA_3844874/logos/gibbs_logos_3of6 -I 2 -p 640x640 --format PNG -b 200 -C 2 -t Group 3 of 6 -Z 1
Last position-specific scoring matrix computed, values are in halfbits
A R N D C Q E G H I L K M F P S T W Y V
1 L -1.779 -2.57 -1.874 -1.243 -2.85 0.235 -2.376 -1.018 1.678 1.374 2.362 -4.337 1.549 0.562 -3.983 -1.662 -0.496 -1.889 2.324 1.929
2 P -7.281 -7.321 -5.727 -5.621 -7.978 6.306 -1.163 -7.069 -4.791 -8.579 -8.088 -7.253 2.937 -4.778 6.369 -5.374 -5.693 -6.226 -5.393 -7.652
3 Y -0.413 0.981 0.007 -4.665 -7.032 -2.008 -6.305 -4.937 1.456 -0.497 0.018 -1.799 -1.047 3.614 -0.994 -1.038 -2.089 1.712 4.946 0.632
4 L -1.378 -2.812 -1.545 -1.289 -4.28 0.436 0.761 -0.983 -0.723 1.757 2.415 -0.959 -0.064 -2.997 1.908 -0.84 0.924 -1.94 -2.682 -2.738
5 V 0.678 -1.318 -2.578 -3.47 -4.821 2.259 -3.727 -0.511 -0.927 0.372 -0.997 -2.745 -0.844 2.387 2.332 -0.295 -1.009 -2.372 -0.358 2.201
6 L -1.731 -3.492 -3.606 -3.781 -4.966 1.4 -1.91 -1.379 -2.797 2.313 1.221 -0.423 1.2 -0.725 -1.12 0.399 1.453 -2.745 -1.362 2.17
7 P 0.609 1.608 0.959 -4.074 -3.707 -1.606 -2.399 -5.867 1.147 -1.466 1.692 -2.468 0.992 -1.747 3.768 -0.999 -0.27 -2.649 -2.222 -0.511
8 T -2.178 -3.174 -0.714 -4.715 -1.315 1.432 0.678 -2.172 0.389 -0.071 0.423 0.044 -2.302 -0.444 -4.978 1.311 2.602 -5.279 -0.03 1.734
9 I -5.494 -9.504 -8.446 -8.967 -9.607 -6.919 -9.279 -10.277 -6.861 5.935 0.551 -7.742 -1.14 -3.458 -3.432 -6.954 -5.155 -6.902 -7.273 4.786