#Seq2Logo.py -f /var/www/services/services/GibbsCluster-2.0/tmp/D90_HLA_3844874/cores/gibbs.1of1.core -o /var/www/services/services/GibbsCluster-2.0/tmp/D90_HLA_3844874/logos/gibbs_logos_1of1 -I 2 -p 640x640 --format PNG -b 200 -C 2 -t Group 1 of 1 -Z 1
Last position-specific scoring matrix computed, values are in halfbits
A R N D C Q E G H I L K M F P S T W Y V
1 L -0.003 -0.754 -0.565 0.534 -5.654 0.176 -2.475 -2.73 0.813 0.382 1.1 -2.714 0.255 0.66 -5.08 1.465 0.8 -3.204 1.528 0.937
2 A 2.192 -7.043 -3.805 -5.099 -9.259 3.42 -1.504 -0.112 -4.502 -1.436 -0.469 -8.574 1.038 -2.592 3.147 1.618 1.118 -4.424 -4.034 -1.697
3 L 0.293 -1.474 0.84 2.322 -9.317 -2.533 -0.221 -5.167 -2.0 0.613 1.068 -5.163 -0.312 2.681 -1.49 -2.173 -2.634 -0.02 3.177 0.283
4 P -1.285 -3.291 -1.228 0.33 -5.402 0.772 1.858 1.734 -0.895 -3.064 -2.082 -1.132 -2.816 -3.546 3.797 0.957 1.008 -1.586 -2.873 -3.702
5 L -0.095 -1.62 -0.444 -1.934 -7.538 1.413 -0.81 0.181 0.415 0.235 1.462 -4.064 -1.029 0.292 0.141 0.131 0.291 -2.087 -0.949 1.363
6 P 1.446 -3.604 -4.032 -4.336 -6.374 -0.749 -3.261 0.094 -2.445 1.838 -0.494 -5.305 0.693 1.462 3.553 -1.9 -0.013 -2.736 -1.629 1.835
7 L -1.269 -0.214 0.272 -0.638 -6.146 2.619 0.968 -6.535 -1.132 -1.61 2.328 -3.365 0.966 -2.825 -1.871 1.532 0.604 -2.84 -2.259 -0.708
8 T -0.016 -0.948 -1.943 -4.893 -4.627 0.82 1.449 -3.573 -0.252 -1.883 0.332 -0.971 -1.268 -0.04 1.944 0.22 2.179 -4.429 -0.213 0.97
9 V -2.663 -7.59 -8.374 -9.28 -10.726 -7.079 -10.786 -10.518 -6.559 4.128 1.621 -8.698 -1.603 1.725 -5.828 -7.278 -2.865 -7.609 3.969 4.372