#Seq2Logo.py -f /var/www/services/services/GibbsCluster-2.0/tmp/D90_HLA_3844874/cores/gibbs.1of6.core -o /var/www/services/services/GibbsCluster-2.0/tmp/D90_HLA_3844874/logos/gibbs_logos_1of6 -I 2 -p 640x640 --format PNG -b 200 -C 2 -t Group 1 of 6 -Z 1
Last position-specific scoring matrix computed, values are in halfbits
A R N D C Q E G H I L K M F P S T W Y V
1 V -0.428 -1.546 0.212 -1.321 -4.778 0.636 -0.665 -2.494 0.543 -0.253 -0.06 -2.442 -0.188 2.278 -3.564 0.111 0.536 -1.232 3.431 1.498
2 T 0.65 -5.067 -5.459 -4.31 -6.435 -2.688 -4.873 -2.84 -4.568 0.786 1.006 -6.827 0.599 -4.652 -4.984 3.079 4.09 -3.922 -5.066 1.32
3 D -2.274 -0.799 -0.277 5.722 -6.733 -0.471 3.134 -4.611 -2.068 -2.191 -7.028 0.105 -1.344 -0.71 -3.919 -2.079 -3.819 -6.158 -0.148 -4.446
4 P -0.638 -2.518 -0.112 1.599 -4.226 -0.358 0.899 0.782 -0.239 -0.71 -1.16 -1.367 -2.184 -1.328 3.019 0.36 0.037 -0.64 -0.296 -1.038
5 S -0.921 -2.695 0.128 0.511 -5.482 0.972 0.752 0.919 0.407 -0.646 -0.303 -3.22 -0.439 -0.129 0.902 1.243 0.004 -0.594 0.788 -0.425
6 T -0.504 -0.147 0.573 -2.173 -3.587 0.104 -3.025 0.972 -0.536 0.521 -1.819 -0.989 -0.287 0.605 1.222 -0.2 1.777 -2.794 0.028 1.392
7 L -1.174 -4.335 -0.05 1.008 -3.821 2.264 1.665 -2.733 0.399 -0.352 1.565 -5.722 1.099 -1.306 -2.733 1.128 0.268 0.447 -1.314 -0.388
8 L -1.069 -0.409 -1.235 -3.09 -4.351 -0.058 0.679 -1.767 1.308 -2.135 1.429 -0.584 -0.499 1.475 -1.793 0.366 1.353 -4.897 1.713 0.668
9 Y -8.167 -4.55 -7.405 -6.435 -10.013 -6.896 -8.006 -9.896 -3.678 -5.722 -5.324 -6.192 -3.683 3.799 -7.464 -7.222 -5.524 -4.437 9.051 -4.631