Last position-specific scoring matrix computed, values are in halfbits
A R N D C Q E G H I L K M F P S T W Y V
1 F -3.347 -3.081 0.41 1.884 -3.702 1.484 0.443 -4.052 3.236 -1.088 0.206 -3.756 2.816 2.82 -6.517 -1.566 0.215 -0.753 2.939 -1.474
2 P 0.585 -5.537 -3.61 -0.903 -3.565 -1.577 -1.832 -0.338 -5.152 -2.406 -0.406 -4.864 1.503 -3.25 6.499 -3.455 -4.58 -6.937 -5.801 -1.122
3 K 0.127 2.425 1.785 -3.31 -4.914 -0.779 -4.186 -4.594 3.35 0.502 -3.662 2.168 1.558 2.494 -3.962 -1.736 -3.533 -2.292 3.106 -1.393
4 P -0.494 -1.499 -0.789 1.684 -2.831 0.055 1.454 0.704 -2.535 -1.453 -1.13 -0.575 -1.68 -0.423 3.175 -0.174 -1.114 -3.352 -1.359 -0.572
5 G -1.274 -1.77 -0.163 1.063 -2.5 0.786 1.55 1.584 0.896 -0.876 -1.317 -0.952 -0.746 -0.154 1.133 0.011 0.22 0.05 -1.124 -1.15
6 G -1.048 -1.255 -0.094 0.35 -4.582 0.852 -0.035 0.848 0.917 0.621 -0.23 -1.32 0.045 0.37 0.544 -0.311 0.616 -0.75 -0.935 0.37
7 V -0.642 -1.518 -0.04 -2.814 -4.282 2.239 0.262 -4.006 0.728 1.407 -0.856 -1.313 -0.245 -2.271 -1.894 0.836 2.03 -1.587 -1.075 1.984
8 S 1.091 -2.081 -2.095 -1.216 -3.261 2.179 1.442 -1.036 -0.858 -1.939 -1.696 -1.081 -0.456 -3.06 -2.736 2.035 2.08 -6.013 -3.471 1.151
9 Y -5.672 -5.762 -6.059 -6.859 -5.367 -5.905 -6.359 -6.695 -1.395 -4.159 -2.39 -5.911 -1.789 4.69 -7.322 -6.34 -5.892 -1.212 8.509 -3.996
