Last position-specific scoring matrix computed, values are in halfbits
A R N D C Q E G H I L K M F P S T W Y V
1 H 1.188 0.948 -0.904 -4.28 -2.378 1.628 -1.222 0.119 4.703 -0.787 -1.839 -0.937 0.373 -1.979 -5.921 0.046 -0.421 -5.242 0.467 1.547
2 Q -2.265 -2.968 -3.995 -4.303 -4.645 7.077 -1.829 -3.1 -3.311 -3.992 -2.194 -3.016 4.681 -0.867 -3.721 0.384 -1.51 -5.43 -3.916 -3.431
3 Y -1.397 2.042 -0.305 -3.669 -1.447 -1.324 -4.283 -4.739 3.457 -0.307 -0.333 0.28 -0.12 2.217 -3.448 -4.255 -2.294 -0.913 5.706 -0.939
4 P -0.579 -0.932 -1.813 0.289 -0.897 0.987 1.261 -0.427 -1.892 0.165 0.525 -0.111 -0.692 -1.313 2.738 -1.058 -0.598 -5.801 -2.421 0.057
5 F -1.388 -0.729 -0.208 -4.309 -1.303 0.247 -2.702 -0.518 1.612 1.828 -0.451 -0.794 0.712 3.744 0.088 -2.912 -0.748 -2.115 0.81 1.262
6 I -0.573 0.08 -1.318 -1.897 -2.393 1.475 -0.803 -1.437 1.115 1.709 -0.067 0.009 -0.179 0.366 1.219 -1.019 0.754 -2.938 -1.494 0.756
7 L -1.832 0.232 2.164 -3.084 -0.324 0.755 0.004 -4.061 2.381 0.356 0.382 -0.261 -0.3 -1.836 0.824 -0.371 0.384 -3.011 -1.813 1.413
8 T -0.994 0.372 0.307 -3.583 -2.296 0.008 0.047 -3.106 1.172 -1.924 -1.284 1.177 -0.987 -1.589 -5.619 1.376 3.884 -5.562 -2.003 0.281
9 V -3.542 -6.178 -6.566 -6.682 -3.412 -6.288 -6.695 -6.645 -6.224 5.26 -0.952 -5.43 0.22 -3.2 -6.829 -6.1 -4.272 -5.741 -4.089 5.445
