Last position-specific scoring matrix computed, values are in halfbits
A R N D C Q E G H I L K M F P S T W Y V
1 R 1.002 3.273 -5.358 -6.94 -3.186 1.147 -4.958 -1.594 -0.204 0.905 0.455 1.829 0.72 -0.379 -7.758 -0.468 -2.206 -3.737 1.811 -0.101
2 T 0.282 -5.939 -5.401 -6.135 -5.111 -4.594 -6.379 -4.744 -6.322 -2.822 -4.799 -5.951 -2.953 -6.805 -6.45 4.58 5.344 -7.607 -6.938 0.41
3 Y -0.313 -3.726 -0.035 -4.181 0.702 -3.613 -4.374 -5.597 1.335 1.923 1.509 -2.466 1.074 1.595 -6.826 -0.958 -1.708 0.688 5.139 0.392
4 E -0.699 -1.405 -0.424 1.876 -3.559 0.695 2.106 -0.566 0.687 -1.409 -1.521 0.315 -3.965 -2.304 2.723 -0.15 -0.63 -2.254 -1.838 -0.693
5 K -1.679 2.061 0.542 -1.591 -3.336 0.646 -2.095 0.336 3.077 -1.178 -1.42 2.031 -0.98 0.662 0.779 -0.883 -1.492 1.63 -0.436 -0.547
6 V 0.383 -1.356 -0.849 -3.11 1.056 1.623 -1.977 -1.576 1.7 1.396 -0.719 -0.869 -0.361 -0.711 1.055 -1.143 1.871 -4.382 -2.603 1.635
7 L -0.983 -2.231 -3.422 -6.479 -4.339 -1.062 -4.776 -4.338 -1.908 -0.03 4.622 -2.928 1.269 -0.628 0.498 -0.092 -1.348 -4.278 -3.408 -1.137
8 T -1.443 1.974 -2.761 -5.529 -1.574 1.357 -0.178 -1.787 1.707 -1.526 -0.057 2.142 0.546 -2.579 -6.924 0.054 2.478 -4.289 -0.141 0.336
9 L -6.985 -7.57 -8.131 -8.577 -6.012 -7.897 -8.346 -8.367 -5.555 2.555 3.659 -7.729 -1.093 4.303 -8.961 -7.65 -6.579 3.458 5.556 -3.1
