Last position-specific scoring matrix computed, values are in halfbits
A R N D C Q E G H I L K M F P S T W Y V
1 R 0.74 2.801 -1.259 -5.396 -3.807 0.523 -5.263 -3.933 1.853 0.621 -0.044 1.07 1.538 -2.278 -6.572 1.373 0.784 -6.117 -0.795 0.412
2 P -2.48 -6.239 -5.561 -5.829 -5.518 -6.162 -5.883 -5.615 -5.854 -3.996 -6.28 -5.327 -6.338 -7.297 8.115 -4.768 -4.781 -8.555 -6.769 -2.147
3 A 0.52 0.828 0.296 -5.196 -0.812 0.382 -4.397 -1.863 3.151 -0.634 -0.153 0.044 0.913 1.993 -2.788 -0.522 -0.174 1.108 2.391 0.332
4 P -0.235 -0.63 -0.769 0.654 -1.63 -0.233 0.762 -0.101 1.678 -2.532 -0.001 -0.091 -2.077 -0.033 2.884 0.062 -0.502 -1.905 -0.383 -1.765
5 P -0.683 -1.647 0.232 -2.194 -1.661 1.041 -2.459 0.371 0.476 0.982 -0.667 -0.698 -2.793 -0.025 3.404 -0.986 -0.638 -2.141 -1.514 1.387
6 L -0.465 -2.15 -1.641 -2.906 -3.104 -0.837 -3.112 0.906 0.61 1.936 0.99 -0.975 -0.238 1.646 1.167 -0.945 -0.303 -1.065 0.122 0.853
7 V -0.669 -0.37 -0.395 -2.141 -1.622 0.132 -0.668 -4.663 1.734 1.347 0.262 -1.094 -0.891 -1.109 2.353 -1.602 0.166 0.558 -1.206 2.287
8 A 2.313 -0.185 -2.101 -2.921 -0.092 0.637 0.895 -1.109 1.065 -2.064 -2.762 -0.619 -0.351 -3.423 0.025 1.778 1.384 -6.495 -2.997 0.443
9 A 5.63 -4.822 -5.482 -6.191 -3.035 -4.767 -5.9 -3.599 -5.805 -1.454 -3.602 -5.412 -4.174 -5.014 -1.557 -2.767 -1.225 -6.665 -5.851 3.488
