Last position-specific scoring matrix computed, values are in halfbits
A R N D C Q E G H I L K M F P S T W Y V
1 E -2.019 -5.868 -1.886 3.477 -2.354 -0.712 4.69 -3.134 1.395 -3.085 -3.083 -5.315 0.206 0.889 -7.283 0.349 -1.214 -0.431 0.839 -3.884
2 V 1.728 -6.676 -5.35 -4.884 -4.834 -5.592 -6.822 -5.467 -6.751 0.455 -1.904 -6.338 -3.786 -6.035 -1.832 1.172 4.302 -7.384 -6.586 4.262
3 I 1.908 -2.833 -0.855 -5.335 -1.447 -0.83 -4.287 -2.663 0.493 2.872 -1.825 -1.812 0.784 2.179 -1.957 0.282 0.024 -3.478 1.256 1.604
4 P -0.303 -1.92 0.421 1.788 -2.624 0.525 1.133 1.336 -1.221 -1.597 -1.869 -0.511 -3.405 -0.056 2.399 0.426 -0.612 -1.842 -1.202 -2.02
5 P -0.037 -1.074 -0.162 -1.413 -1.155 -0.758 -1.732 0.649 0.027 0.705 -1.468 -0.864 -3.155 -0.224 3.21 0.22 -0.668 -0.003 -1.595 1.394
6 T -0.15 -1.204 -1.968 -4.783 -1.345 -2.305 -3.271 1.857 -1.528 0.439 -1.007 -2.252 0.753 1.271 0.04 1.286 2.431 -0.627 -2.294 1.056
7 S 0.641 0.231 -1.28 -4.208 0.134 0.24 -1.881 -0.128 1.073 0.464 0.178 -1.255 1.51 -0.414 -3.716 1.274 1.55 -1.924 -0.765 0.603
8 E 0.217 -0.684 0.491 -2.589 -0.487 1.471 1.075 0.27 0.593 -2.817 -0.192 -0.25 -1.701 0.755 1.188 0.324 -0.048 -4.002 0.732 -1.333
9 R -6.195 7.748 -5.609 -6.628 -7.094 -4.637 -5.65 -7.151 -5.006 -6.545 -3.591 0.815 -0.245 -2.144 -7.713 -6.475 -6.467 -7.037 -2.503 -5.252
