Last position-specific scoring matrix computed, values are in halfbits
A R N D C Q E G H I L K M F P S T W Y V
1 R 0.3 3.035 -1.196 -2.12 -2.074 1.574 -1.267 -0.615 1.956 -1.793 -1.9 2.443 -0.97 -2.63 -3.187 0.573 0.01 -0.256 -0.632 -1.072
2 E -1.973 -1.186 -1.407 0.443 -3.421 0.274 6.011 -3.01 -0.675 -3.68 -3.138 -0.392 -2.711 -3.583 -2.944 -1.857 -2.352 -3.426 -2.945 -3.116
3 E 0.344 -0.921 -0.074 1.981 -2.148 2.978 1.756 -0.875 1.051 -0.513 -1.549 0.156 -0.54 -2.231 -2.213 -1.53 -0.523 -3.306 -1.506 0.115
4 E -0.06 0.894 -0.775 1.023 -2.271 0.861 2.96 -1.139 -1.356 -1.381 -1.431 0.385 -2.041 -2.948 1.393 -0.488 -0.218 -3.477 -1.779 -1.058
5 P -0.366 1.894 -0.669 0.268 -2.241 0.841 0.394 -1.342 -1.586 -2.271 -2.015 1.266 -2.132 0.214 3.25 0.004 -1.122 -3.47 -2.374 -0.837
6 P 1.043 0.653 0.285 -1.598 -1.544 -0.558 -1.615 0.047 -0.75 0.471 -1.205 -0.912 -1.659 -2.54 2.516 0.138 0.891 -3.52 -1.694 0.743
7 P -0.84 1.093 -0.71 -1.393 -2.061 -1.942 -2.01 -2.996 1.557 0.754 -0.089 0.136 -0.653 0.342 3.778 -2.235 -2.293 2.096 0.389 0.615
8 K 0.54 0.247 -1.764 -1.808 -1.706 1.048 1.009 -1.96 -0.589 -0.442 -1.05 1.69 -1.581 -1.812 0.851 0.402 1.326 -3.425 -2.557 0.457
9 A 4.341 -2.75 -2.892 -2.84 -0.823 -2.627 -2.569 -1.359 -2.421 -1.356 -2.278 -2.089 -1.964 -2.82 3.627 -1.201 -1.689 -3.723 -1.776 0.869
