Last position-specific scoring matrix computed, values are in halfbits
A R N D C Q E G H I L K M F P S T W Y V
1 E -2.497 -6.342 1.285 3.222 -5.262 -0.573 4.196 -3.274 2.469 -2.636 -4.042 -7.262 -1.922 -0.47 -8.22 1.033 1.602 -5.032 -1.565 -2.888
2 V 2.262 -6.224 -2.527 -4.591 -2.934 -5.324 -8.831 -3.684 -9.667 0.725 -1.483 -9.337 -4.528 -6.815 -1.741 1.562 3.981 -10.464 -9.683 3.783
3 A 2.618 -7.31 -0.133 -4.999 -3.038 -0.762 -2.763 -1.186 0.517 1.743 -4.122 -3.031 -0.534 1.747 -2.019 1.836 0.574 -2.041 -0.299 1.62
4 S 0.084 -0.501 0.231 1.477 -5.625 0.957 1.125 1.047 0.256 -2.499 -1.969 0.181 -3.182 -1.363 1.683 0.976 -0.278 -3.35 -1.325 -1.984
5 V -0.283 -2.565 0.134 -1.906 -3.752 0.018 -0.784 -0.008 -0.077 1.963 -0.301 -0.446 -2.436 -0.339 1.306 0.113 -0.001 -3.717 -1.708 1.905
6 V 0.531 -3.224 -1.001 -2.671 -3.554 0.942 -1.394 -0.241 0.121 1.714 -0.977 -1.13 -0.948 1.042 0.751 -0.081 0.986 -1.866 -1.303 1.88
7 V 0.794 -0.072 -0.059 -3.628 -3.017 1.021 -1.538 -3.03 1.599 1.454 -0.949 -0.246 -0.709 -0.388 -1.612 0.073 1.132 -2.887 -0.796 2.211
8 Q -0.23 0.673 0.714 -4.466 -2.825 2.572 0.463 -0.448 0.562 -3.23 0.045 1.38 -0.779 -2.009 0.053 0.273 0.884 -8.477 -0.977 -0.637
9 R -9.191 7.658 -8.559 -9.498 -10.287 -7.57 -8.493 -10.067 -4.657 -9.544 -9.317 3.646 -7.36 -7.027 -10.581 -9.418 -9.495 -9.208 -2.164 -8.918
