Last position-specific scoring matrix computed, values are in halfbits
A R N D C Q E G H I L K M F P S T W Y V
1 S 1.153 0.788 -1.196 -6.017 -5.523 -0.447 -5.05 -0.243 0.434 -0.312 -0.961 1.753 -0.711 1.871 -9.963 1.443 0.589 -3.131 1.999 -0.109
2 L -2.906 -9.167 -7.856 -8.899 -4.917 0.521 -9.526 -8.02 -8.608 1.95 5.127 -9.219 4.034 -6.512 -7.736 -7.65 -1.62 -7.834 -6.695 1.041
3 L 0.581 -4.807 -0.23 1.934 -2.753 0.667 -2.584 -2.899 0.398 0.918 1.403 -4.13 2.412 0.954 -1.745 -0.425 -0.628 2.787 1.064 -0.896
4 E -1.143 -2.02 0.841 3.451 -6.892 0.908 3.231 0.145 0.593 -4.32 -4.36 -0.847 -4.397 -3.977 1.521 0.385 -0.776 -2.577 -3.916 -3.238
5 L -0.811 -0.023 0.24 -0.033 -5.204 0.877 0.369 -0.645 2.243 0.677 -0.17 0.903 -1.322 0.338 -2.598 -0.653 -0.217 -1.068 0.276 0.593
6 L -2.364 -2.683 0.112 -2.206 -3.479 0.141 -0.72 -4.022 -1.228 2.606 1.944 -2.691 -0.954 -0.396 0.572 -1.072 0.232 -4.331 -1.761 2.467
7 V -0.638 -1.913 -1.08 -2.526 -4.36 0.893 0.47 -9.223 3.119 1.106 -0.154 -1.81 -0.322 1.148 2.059 -1.847 0.185 1.268 0.845 1.49
8 E -0.18 0.101 0.521 -4.19 -4.375 2.21 1.862 -1.12 1.23 -4.357 -0.667 0.574 -1.061 -0.331 -4.804 0.858 1.875 -5.262 1.234 -1.588
9 L -0.359 -9.555 -9.719 -13.53 -2.367 -9.763 -13.028 -12.306 -8.659 2.306 4.044 -8.875 -0.676 -6.515 -10.984 -8.905 -6.169 -12.405 -7.223 5.016
