Last position-specific scoring matrix computed, values are in halfbits
A R N D C Q E G H I L K M F P S T W Y V
1 S 1.381 -0.316 -0.99 -7.007 -6.442 -0.943 -6.191 -0.579 0.222 0.039 -0.709 0.558 -0.656 2.87 -7.198 1.558 0.026 -2.378 2.639 0.323
2 L -6.263 -7.859 -8.809 -8.34 -5.243 -0.635 -8.386 -9.006 -7.897 1.216 5.538 -7.984 4.352 -5.055 -9.317 -7.47 -3.267 -7.626 -6.986 0.156
3 A 2.398 1.146 0.602 -7.256 -6.546 -1.744 -6.531 -3.818 1.473 1.843 -4.174 2.951 0.565 1.18 -2.807 -0.305 -1.816 -5.857 1.319 -0.675
4 E -0.483 -2.659 0.467 2.778 -7.122 0.407 2.794 0.439 -0.113 -3.419 -3.335 -0.415 -5.067 -2.645 2.502 0.202 -0.256 -1.808 -3.627 -2.656
5 K -0.707 0.977 0.372 -1.75 -5.807 0.217 -0.696 -0.365 3.365 1.177 -0.217 1.45 -1.514 0.745 -2.651 -0.959 -1.043 -0.157 0.332 -0.081
6 L -3.696 -4.624 -3.995 -7.128 -4.111 -2.219 -6.479 -3.687 -2.757 3.822 2.939 -5.259 -0.169 -0.683 1.148 -3.894 -0.802 -6.09 -2.569 3.333
7 L 0.433 0.87 -0.259 -3.345 -6.483 0.953 -0.361 -2.753 1.3 -0.176 0.909 0.068 0.136 -2.835 -0.337 0.755 1.189 -4.787 -2.895 0.862
8 T 0.451 0.117 0.333 -3.458 -4.982 2.051 1.676 0.324 0.104 -3.456 -2.309 0.718 -1.248 -0.27 -4.357 1.022 2.064 -3.888 0.008 -1.499
9 V 0.265 -8.273 -8.818 -9.004 -3.901 -8.433 -8.801 -7.782 -8.434 2.365 2.854 -8.173 -3.298 -5.946 -9.023 -7.578 -5.261 -8.062 -7.173 5.739
