Last position-specific scoring matrix computed, values are in halfbits
A R N D C Q E G H I L K M F P S T W Y V
1 K 0.662 1.416 -1.136 -6.89 -4.463 -1.475 -5.372 -3.314 -0.38 -0.364 -0.431 2.836 -0.271 2.735 -7.818 0.613 -1.372 -3.631 2.965 0.145
2 L -2.021 -7.2 -7.931 -8.244 -5.439 -0.308 -7.357 -6.7 -7.231 1.501 4.892 -7.232 4.412 -4.66 -7.7 -5.35 -0.49 -7.126 -6.465 1.38
3 F 1.246 -5.214 -0.881 0.723 1.149 -0.877 -5.564 -3.028 0.155 -1.142 0.592 -5.439 2.561 3.25 0.037 -2.001 -2.774 5.934 2.768 -2.529
4 E -1.509 -1.65 -0.004 3.227 -4.235 -0.054 3.487 -0.543 1.311 -3.798 -3.167 0.118 -4.888 -2.749 2.348 -0.936 -1.244 -1.756 -2.838 -2.943
5 I -1.62 -0.774 -0.628 -3.011 -1.657 -0.899 -1.966 -1.1 1.605 3.222 0.926 0.612 -1.035 -0.722 0.443 -2.913 -2.051 0.384 -1.671 2.114
6 V -2.023 -0.917 -1.162 -4.302 -1.48 -0.539 -1.666 -2.482 0.963 2.638 1.172 0.093 -0.817 -1.369 1.583 -2.37 0.456 -4.449 -1.856 2.438
7 E -0.127 -1.516 -0.072 -1.313 -0.134 0.912 1.843 -5.193 4.512 -1.249 -2.963 -1.425 -1.809 0.786 1.225 -1.594 0.26 1.771 1.291 0.725
8 S -0.009 1.024 1.689 -4.853 -1.299 1.727 0.962 -0.172 3.382 -4.989 -3.569 1.305 -2.985 -0.973 -4.326 0.893 1.465 -7.005 1.17 -2.379
9 V -0.674 -7.686 -8.316 -8.509 -4.44 -7.876 -8.31 -8.113 -7.824 2.557 3.604 -7.641 -0.261 -5.21 -8.544 -7.251 -4.96 -7.399 -6.555 5.2
