Last position-specific scoring matrix computed, values are in halfbits
A R N D C Q E G H I L K M F P S T W Y V
1 F 0.157 -0.757 0.745 -6.552 -5.183 -1.487 -4.673 -2.877 0.959 1.533 -0.297 -0.268 -0.474 3.148 -8.463 0.986 -0.096 -4.056 2.196 1.552
2 A 3.737 -8.358 -1.864 -7.868 -0.262 1.11 -8.396 -0.509 -8.183 1.027 -0.405 -5.856 -0.915 -4.483 -5.637 2.257 1.045 -4.817 -5.632 1.41
3 D -4.726 -8.432 -5.604 7.872 -6.444 -7.198 1.331 -7.362 -7.484 -7.6 -9.62 -7.677 -5.317 -9.839 -4.165 -4.892 -7.092 -10.378 -8.728 -8.53
4 E -1.267 -1.576 -1.075 2.031 -4.739 -0.112 2.052 0.209 0.437 -0.474 0.1 -0.345 -2.137 -0.405 0.576 -0.167 -0.272 -0.778 -1.212 -0.409
5 P 0.393 -1.43 -0.244 -0.302 -2.496 0.454 -0.132 0.77 1.351 -0.294 -2.061 -0.619 -1.615 -2.112 2.805 0.405 0.084 -5.26 -1.329 0.571
6 G -0.588 -1.722 2.104 -2.928 -0.799 0.812 -0.908 1.388 1.596 -0.183 -1.617 -0.975 -0.715 -0.377 0.307 0.747 1.08 -2.065 -1.695 0.412
7 V -0.171 0.437 0.47 -3.164 -2.191 1.058 0.152 -2.577 2.184 -0.073 -0.01 -0.063 -0.553 -1.825 -1.163 0.604 1.508 -2.818 -1.786 1.239
8 E 1.299 -1.619 -0.659 -1.217 0.241 0.223 2.172 -3.566 1.072 -1.673 -2.292 -0.682 -1.618 -0.869 -2.159 1.34 1.489 -3.378 -1.143 1.452
9 L -3.024 -9.261 -9.038 -10.333 -2.438 -8.213 -9.018 -9.484 -4.458 1.251 5.256 -8.082 2.533 2.202 -6.83 -9.743 -5.285 -4.529 -4.758 1.491
