Last position-specific scoring matrix computed, values are in halfbits
A R N D C Q E G H I L K M F P S T W Y V
1 T -3.372 -4.901 1.124 1.439 -2.197 -0.075 0.761 -5.022 4.119 -1.172 -2.01 -6.456 2.79 2.326 -8.435 1.06 2.509 -0.816 1.791 -3.329
2 L -1.091 -7.588 -8.275 -7.853 -1.526 2.542 -5.962 -7.175 -4.375 1.791 3.725 -7.458 2.946 -1.539 0.968 -4.708 -4.999 -7.921 -5.507 2.826
3 Y 1.419 2.719 -0.499 -3.364 -1.636 -3.506 -4.367 -3.339 2.19 0.005 -1.082 -0.065 1.861 1.752 -4.557 -2.112 -2.9 1.599 4.46 -0.928
4 P -0.555 -0.812 -1.149 1.809 -2.778 0.837 2.056 -0.641 0.096 -1.26 -1.435 0.516 -2.512 -1.863 3.118 -0.406 -1.116 -2.61 -2.157 -1.52
5 P 0.14 -1.016 -0.29 -1.49 -3.016 0.409 0.22 0.024 3.245 -0.595 -1.097 -1.018 -3.482 0.892 2.262 0.023 0.083 -1.744 -2.279 0.481
6 G -0.945 -0.44 -1.287 0.065 -1.749 0.571 -0.646 1.196 2.568 0.859 -0.792 -0.445 -1.539 -0.288 -1.72 0.665 0.883 -4.318 -2.56 0.897
7 T -0.743 -0.173 -0.012 -3.995 -2.418 1.425 0.193 -3.833 1.938 0.845 0.009 -1.264 -0.517 -2.242 0.123 0.928 2.04 -4.013 -2.784 1.276
8 A 1.725 -1.439 -3.583 -3.469 -0.459 1.591 1.694 -2.834 -0.438 -1.188 -2.16 -0.633 -1.484 -3.406 -2.009 1.834 1.561 -8.092 -1.703 1.871
9 Y -7.465 -7.971 -8.334 -9.066 -7.352 -8.112 -8.617 -8.866 -3.974 -5.994 -1.479 -8.128 3.568 5.164 -9.553 -8.534 -7.989 -2.152 8.237 -6.211
