Last position-specific scoring matrix computed, values are in halfbits
A R N D C Q E G H I L K M F P S T W Y V
1 A 1.468 2.128 -1.776 -6.759 -7.959 0.323 -1.602 1.405 1.812 -1.469 -2.023 1.661 -0.67 -1.262 -8.287 1.365 0.263 -1.437 0.452 -1.2
2 E -9.103 -9.021 -7.392 -3.531 -11.265 -4.556 7.781 -7.994 -6.817 -11.615 -11.563 -8.232 -10.622 -7.374 -8.757 -8.644 -10.178 -5.627 -7.615 -11.008
3 I 0.249 -2.765 0.143 0.701 -4.75 -0.304 0.685 -2.039 1.5 1.194 -0.732 -0.526 0.287 1.384 -1.173 -0.235 0.142 0.544 0.165 0.666
4 E -0.437 -0.753 -0.454 1.006 -8.696 1.226 1.536 0.245 0.351 -0.077 -0.607 -0.267 -1.151 -0.009 1.465 -0.551 -0.905 -0.643 -1.384 -0.434
5 L -0.949 -1.262 0.191 0.568 -4.3 0.581 0.59 0.083 1.204 0.437 -0.255 0.065 -1.333 -0.136 0.716 -0.449 0.199 -1.922 -0.575 0.527
6 V -0.737 -0.39 -0.554 -0.758 -6.083 1.678 0.143 -0.816 0.308 1.072 -0.485 0.272 -0.198 0.481 0.981 -0.534 -0.064 -1.719 -0.945 0.872
7 V -0.893 -2.08 -0.338 -0.878 -4.247 0.719 1.179 -3.868 1.696 1.53 -0.223 -2.063 -1.477 0.083 1.167 -1.012 0.506 1.033 0.67 1.525
8 V 0.291 -0.517 -1.273 -1.81 -3.193 1.094 1.159 -2.02 0.646 0.093 -0.045 0.671 0.007 -0.816 -4.057 0.827 0.69 -2.398 -0.842 1.34
9 L -3.648 -6.932 -11.948 -10.574 -9.047 -8.954 -10.083 -11.952 -10.979 2.047 5.417 -7.497 2.05 1.505 -6.271 -11.637 -5.619 -6.573 -6.385 1.166
