Last position-specific scoring matrix computed, values are in halfbits
A R N D C Q E G H I L K M F P S T W Y V
1 F 0.444 -3.531 -3.109 -9.316 -1.569 -3.142 -9.224 -3.004 0.024 0.115 0.393 -2.484 -0.008 5.133 -7.636 0.304 -0.701 -1.291 3.959 0.817
2 A 5.056 -8.571 -5.612 -7.507 -1.388 -0.56 -8.528 -1.087 -8.367 0.998 -1.673 -7.477 -3.911 -5.179 -1.619 1.667 0.484 -5.265 -6.694 0.426
3 I 0.915 -5.512 0.207 0.728 -0.657 -0.682 -1.801 -4.273 0.204 2.846 -0.657 -5.252 1.66 0.167 -2.934 -0.152 -0.003 -4.592 1.837 1.837
4 P 0.162 -3.051 -0.971 2.166 -4.433 -0.665 1.467 1.228 0.507 -2.674 -2.184 -2.14 -2.864 -1.942 3.955 -0.125 -1.136 -1.691 -1.996 -1.723
5 P 0.343 0.414 0.047 -2.442 -2.663 -0.726 -2.204 0.092 3.032 -0.641 -2.32 -0.758 -3.622 -0.39 3.063 0.38 -0.228 -1.03 -0.865 1.178
6 G 0.297 -0.411 -1.726 -4.241 -1.339 -0.949 -4.121 1.924 1.089 0.286 -1.011 -3.333 -0.622 2.278 1.089 1.21 0.694 -2.341 -0.423 0.158
7 L 0.036 1.689 -1.472 -4.99 -3.802 0.682 -2.536 -3.37 2.881 -0.224 1.064 0.382 0.645 -2.066 1.304 0.953 0.674 -3.3 -2.177 -0.468
8 A 2.322 -3.554 -2.154 -3.369 -0.622 0.313 1.802 -3.345 -0.232 -1.205 -3.268 -2.791 -3.266 -1.23 -0.607 2.427 1.926 -5.516 -1.154 0.989
9 L -3.016 -8.733 -10.189 -10.488 -4.398 -9.631 -10.226 -10.153 -5.853 -0.835 5.775 -8.967 2.485 1.621 -10.618 -7.085 -6.062 -2.008 -1.579 -0.611
