Last position-specific scoring matrix computed, values are in halfbits
A R N D C Q E G H I L K M F P S T W Y V
1 S 0.139 -2.06 -0.094 -4.383 -5.711 -0.16 -5.119 0.357 2.034 0.778 -0.743 -0.433 -0.351 1.947 -6.184 1.137 0.493 -0.968 2.976 0.825
2 V 0.012 -4.37 -1.616 -6.722 -3.331 -2.602 -3.337 -4.3 -4.596 1.301 1.261 -6.384 1.429 3.807 -5.366 -1.878 1.34 0.543 2.352 2.653
3 L 0.433 -3.451 0.957 -0.376 -4.762 -2.277 -3.139 -1.857 1.458 0.692 1.351 -2.042 0.26 1.789 -1.445 0.929 -0.203 0.421 2.657 -1.409
4 D -0.446 -2.475 0.864 2.953 -4.339 0.552 1.597 0.946 1.889 -3.159 -3.287 -0.812 -1.908 -1.035 1.956 0.562 -0.787 -3.784 -1.708 -3.426
5 L -1.761 0.33 -1.868 -1.989 -5.582 0.192 -1.246 -0.821 1.107 2.01 1.023 0.371 0.428 0.973 -1.117 -1.488 -0.741 -1.554 0.746 1.504
6 F 0.363 -0.439 -0.134 -2.322 -1.916 1.279 -3.706 -0.294 2.349 -0.062 -0.765 -1.712 -1.069 2.355 1.416 -0.02 -0.042 -2.387 0.837 0.422
7 L -0.553 -1.665 -3.157 -2.933 -4.738 -0.601 -2.087 -4.115 1.431 -0.162 3.866 -6.576 -0.956 2.472 -1.883 -2.766 -2.106 1.508 2.53 -1.048
8 L -0.527 1.021 -1.108 -2.38 -3.583 0.447 0.99 -1.401 2.306 -2.185 1.374 0.951 -1.209 0.977 -5.344 -0.216 0.2 -3.717 1.943 -1.312
9 Y -6.588 -5.606 -7.248 -8.12 -6.823 -5.813 -7.493 -8.01 -2.018 -5.825 -5.101 -7.006 -4.314 1.606 -8.493 -7.563 -7.201 -0.121 9.335 -6.052
