Last position-specific scoring matrix computed, values are in halfbits
A R N D C Q E G H I L K M F P S T W Y V
1 A 1.654 0.246 -1.452 -7.075 -6.047 -0.658 -5.274 -0.062 0.4 0.475 -0.459 -0.197 -1.294 1.912 -7.84 1.737 0.38 -2.927 2.503 -0.125
2 L -3.239 -6.739 -8.329 -8.611 -5.712 0.096 -7.662 -6.645 -7.559 1.299 5.462 -7.557 2.107 -4.281 -8.875 -5.411 -2.043 -7.347 -6.676 0.926
3 L 0.566 -2.302 1.512 -5.191 -6.11 2.336 -4.487 -2.912 0.267 1.168 2.425 -3.529 1.667 1.109 -5.232 -0.169 -1.322 1.423 0.629 -0.788
4 E -1.075 -1.913 0.707 3.226 -6.891 0.221 3.024 -0.053 0.205 -3.38 -3.519 -1.468 -4.034 -2.485 2.739 0.184 -1.338 -3.191 -3.089 -2.774
5 V -1.021 -0.114 -0.573 -1.327 -6.494 0.477 0.093 -1.065 1.781 0.97 -0.201 0.387 -1.914 1.526 -3.122 -1.694 -1.102 4.527 1.727 1.001
6 I -3.141 -3.953 -2.017 -6.887 -5.84 -1.414 -4.304 -4.685 -1.486 4.396 2.908 -3.81 -2.072 -1.639 0.437 -4.306 -1.075 -4.239 -2.225 2.69
7 P -0.982 -1.402 -0.5 -2.226 -6.496 0.86 0.249 -6.236 3.269 0.529 -1.233 -2.846 -1.722 2.134 2.796 -1.506 0.133 2.733 1.442 0.632
8 E -0.022 1.255 0.975 -3.833 -6.566 2.44 1.345 -0.737 2.678 -4.323 -1.118 0.883 -2.656 -0.053 -4.744 0.727 1.102 -4.321 0.683 -2.708
9 L -4.581 -7.878 -8.72 -8.948 -5.569 -8.174 -8.721 -8.73 -8.001 1.547 5.055 -7.984 0.321 -3.27 -8.112 -8.328 -5.361 -7.427 -6.65 4.034
