Last position-specific scoring matrix computed, values are in halfbits
A R N D C Q E G H I L K M F P S T W Y V
1 A 2.207 3.231 -3.272 -7.985 -7.274 -1.888 -5.954 1.741 0.467 -1.472 -2.283 1.839 -1.362 -0.86 -6.628 0.932 -1.46 -4.339 1.413 -0.69
2 K -1.627 -4.666 -5.486 -7.293 -8.229 5.423 -4.027 -4.581 1.806 -7.487 -3.541 6.198 0.51 -8.932 -7.308 -5.133 -6.449 -8.899 -7.927 -8.159
3 Y 0.224 0.958 -0.446 -2.721 -1.222 -1.267 -2.701 -4.159 0.913 1.291 -0.149 -0.126 0.459 2.526 -1.107 -1.825 -2.551 2.065 3.637 0.704
4 P -0.805 -2.096 -0.703 1.101 -3.047 0.332 1.077 0.082 -1.077 -0.005 -0.431 0.579 -1.048 -0.214 3.031 -0.746 -1.557 -1.345 -0.602 -0.92
5 S -1.023 -0.744 -0.303 -0.505 -2.593 0.772 -0.32 0.327 1.815 -0.632 -1.019 -0.242 -1.1 1.136 1.312 0.729 0.911 -0.988 -0.923 -0.119
6 G -0.836 0.074 -0.976 -1.494 -2.666 1.385 -0.162 0.575 0.424 0.771 -0.424 0.333 -1.082 0.283 0.422 0.367 0.496 -3.82 -1.535 0.315
7 V -0.545 0.214 0.211 -2.772 -2.368 1.027 0.555 -3.653 1.204 0.854 0.445 -0.774 -1.026 -2.631 -0.846 0.421 1.504 -4.968 -1.69 1.672
8 S 1.024 -0.091 -1.655 -2.714 0.455 1.237 1.11 -0.583 0.184 -1.99 -1.813 0.395 -1.427 -2.884 -3.242 1.689 1.806 -5.78 -1.809 1.042
9 Y -6.352 -8.692 -8.996 -9.695 -7.914 -8.941 -9.322 -9.47 -1.575 -5.051 0.038 -7.953 0.63 5.949 -10.24 -8.743 -7.385 -2.759 7.792 -4.153
