Last position-specific scoring matrix computed, values are in halfbits
A R N D C Q E G H I L K M F P S T W Y V
1 D -4.01 -3.662 2.367 5.633 -4.938 -1.322 1.797 -4.625 0.445 -1.521 -3.025 -3.942 -0.006 -1.009 -4.436 -0.973 -0.417 -2.367 -1.147 -2.151
2 E -3.303 -3.577 -3.671 -0.017 -5.6 -1.696 6.998 -3.101 -3.059 -4.008 -4.333 -2.793 -4.975 -5.837 -5.28 -3.775 -4.639 -5.758 -5.28 -4.855
3 F -0.736 -1.94 0.622 -0.799 -4.242 -0.765 0.412 -2.621 1.205 0.14 -0.25 -1.525 -0.294 3.904 -5.354 -0.635 -0.44 3.408 1.805 0.36
4 E -1.209 -0.438 -1.084 0.929 -4.301 0.542 1.863 -0.046 -0.64 0.886 0.348 -0.315 -0.617 -0.125 1.177 -1.427 -0.828 -3.457 -2.483 0.211
5 L -2.655 -2.07 -0.844 -0.966 -4.08 0.267 -0.682 -1.254 0.787 1.498 1.91 -1.574 0.338 2.702 -1.867 -0.726 -1.102 0.302 0.779 0.645
6 L -0.784 0.378 -2.302 -1.859 -4.064 -0.011 -0.435 -1.78 0.78 1.26 0.986 -0.038 -0.249 1.218 0.809 -1.234 -0.339 -0.043 0.166 1.178
7 E -0.665 -1.508 0.651 -0.105 -4.133 1.721 1.937 -3.51 0.845 1.19 -0.292 -2.698 -0.868 -0.407 -2.386 -1.578 0.822 0.599 0.398 1.541
8 S 1.085 0.287 -0.133 -1.23 -3.909 1.481 0.599 -0.811 0.478 -1.577 -1.268 -0.789 0.41 -1.398 -4.346 1.339 1.159 -5.259 -0.371 1.081
9 F -3.642 -5.544 -5.862 -6.48 -4.566 -4.446 -6.167 -6.176 -0.763 -2.16 0.596 -5.746 1.901 6.211 -7.111 -6.006 -5.371 2.278 6.376 -2.565
