Last position-specific scoring matrix computed, values are in halfbits
A R N D C Q E G H I L K M F P S T W Y V
1 K -0.222 5.209 -5.472 -6.843 -6.973 -1.205 -6.006 -3.405 -1.856 -1.52 -4.334 5.06 -1.645 -7.003 -7.781 -1.174 -2.607 -7.939 -5.063 -1.408
2 L -2.954 -3.998 -6.97 -7.201 -5.735 1.715 -7.438 -5.941 -7.168 1.997 2.957 -6.925 3.071 -5.159 -8.337 -0.589 3.207 -7.605 -4.893 2.631
3 F 0.097 -0.941 1.668 -4.931 -0.908 0.319 -5.412 -3.301 2.303 -1.446 0.253 -0.463 1.727 4.186 -4.9 -0.855 -2.725 4.514 2.413 -1.992
4 E -0.387 -0.697 0.512 1.914 -1.627 0.009 1.736 -0.602 0.004 -3.179 -1.468 1.079 -2.507 -1.831 1.75 0.645 -0.179 -1.413 -1.759 -1.404
5 V -1.513 -0.652 -0.082 -1.658 -1.811 -0.697 -0.579 -0.538 2.031 0.627 -1.269 1.246 -0.998 1.957 -0.932 -1.694 -1.366 5.013 1.248 1.046
6 R -1.783 3.704 -1.29 -3.715 -0.639 -0.261 -2.25 -2.798 1.921 1.639 -1.004 -0.516 -0.851 -0.522 -0.44 -0.487 0.828 -0.852 -0.783 1.189
7 Y -0.158 -1.284 0.548 -1.691 -0.089 0.357 0.727 -4.834 3.468 -0.335 -1.196 -1.781 -0.637 1.78 -0.342 0.005 -0.461 2.331 2.728 0.015
8 S 0.397 -0.38 -0.174 -5.898 0.741 0.629 0.878 -0.711 1.34 -2.601 -2.165 -0.296 -0.951 -4.724 -4.869 2.925 2.309 -4.02 -3.759 0.511
9 W -7.766 -3.405 -8.473 -8.989 -7.078 -8.346 -8.617 -8.39 -5.278 -0.108 0.964 -8.131 -3.078 5.065 -9.908 -8.637 -7.825 9.542 4.722 -4.981
