Last position-specific scoring matrix computed, values are in halfbits
A R N D C Q E G H I L K M F P S T W Y V
1 R 1.308 3.355 -3.318 -8.214 -5.983 1.454 -3.707 1.963 1.587 -0.699 -2.771 1.767 -2.11 -1.424 -9.893 0.856 -1.404 -2.49 0.567 -1.92
2 R -8.335 8.382 -8.772 -9.853 -10.547 -2.399 -8.834 -10.418 -8.205 -10.898 -10.326 -5.972 -6.929 -10.767 -11.003 -8.215 -9.75 -10.537 -8.263 -10.452
3 L -0.533 -3.837 1.372 -1.606 -4.181 -1.107 -5.515 -3.352 2.65 0.831 1.092 0.103 0.553 3.069 -10.112 -0.907 0.276 2.647 2.084 0.04
4 L -0.622 -0.583 -0.063 0.852 -9.32 1.15 0.473 0.554 -0.34 -1.367 -0.113 0.973 -1.838 0.325 1.716 0.04 -1.2 0.397 -0.696 -1.671
5 L -1.151 -0.898 -0.522 -1.507 -6.829 0.881 -0.71 -0.073 0.099 1.224 0.744 0.057 -0.398 1.195 0.098 -0.981 -0.436 -0.073 0.68 0.953
6 I -0.645 0.339 -0.454 -2.44 -7.177 1.765 -0.699 -1.583 -0.146 1.648 0.211 0.056 -0.159 0.558 0.069 -0.553 -0.019 -1.785 -0.032 1.055
7 L -0.807 -1.871 -0.329 -3.608 -5.616 0.741 -0.339 -5.396 1.745 1.11 0.829 -0.959 -0.462 1.759 0.574 -1.16 0.234 2.039 1.602 1.224
8 S -0.395 0.908 1.653 -3.265 -4.866 1.915 -0.143 0.109 1.555 -3.603 -0.006 0.963 -1.493 -0.952 -3.363 0.809 1.101 -4.192 -0.248 -0.675
9 L -5.643 2.266 -10.249 -10.831 -6.037 -8.91 -10.265 -10.901 0.221 -0.407 3.02 2.004 2.931 4.175 -9.819 -8.799 -8.177 -6.908 2.903 0.278
