Last position-specific scoring matrix computed, values are in halfbits
A R N D C Q E G H I L K M F P S T W Y V
1 A 2.592 1.558 -4.056 -5.031 0.283 0.503 -4.546 1.032 -0.946 0.141 -3.564 1.542 -1.512 -3.977 -5.804 1.896 -0.225 -6.052 -5.319 1.029
2 V -1.111 -5.452 -5.311 -5.823 -1.87 -1.386 -5.32 -4.539 -5.57 1.809 1.617 -5.252 1.254 -4.156 -6.305 -0.029 3.403 -5.861 -5.091 4.073
3 S 1.181 -4.63 2.783 0.636 0.442 2.628 -2.076 1.101 -0.489 -3.029 -2.14 -4.212 1.819 0.741 -4.131 1.674 -1.176 -5.4 0.668 -2.836
4 S 0.256 -3.905 0.329 0.83 -2.035 0.668 1.338 1.036 -1.003 -1.801 -2.225 -0.072 -3.033 -3.85 2.022 1.272 1.136 -4.023 -2.734 -1.004
5 P -0.041 -4.337 -0.215 -1.509 -1.46 0.495 -0.228 -0.435 -1.002 0.207 -1.162 -0.188 -2.294 -0.623 3.058 0.017 0.52 -5.949 -1.706 1.834
6 V 1.612 -4.359 -1.649 -4.667 -0.907 -0.076 -4.03 -1.911 -0.4 1.807 -0.041 -3.441 0.675 0.541 1.708 -0.497 1.084 -5.607 -0.947 2.278
7 V 1.177 -1.4 -0.401 -2.973 -1.709 0.067 -1.993 -4.201 0.468 1.795 -1.713 -0.586 0.341 0.189 0.492 -0.386 1.069 -5.563 -0.271 2.569
8 T 0.624 -2.665 1.708 -3.715 -0.68 2.429 0.291 -0.132 0.071 -2.377 -0.484 -0.493 -0.361 -3.635 1.168 0.434 1.564 -5.941 -1.887 -0.12
9 K -4.591 0.369 -3.998 -4.497 -5.694 -2.964 -3.476 -5.11 -0.143 -5.813 -5.897 7.28 -4.082 -6.068 -5.473 -4.646 -4.839 -5.991 -1.318 -5.698
