Last position-specific scoring matrix computed, values are in halfbits
A R N D C Q E G H I L K M F P S T W Y V
1 E -4.078 -5.648 0.101 2.325 -3.223 -0.02 5.245 -6.25 1.218 -2.802 -3.982 -5.168 0.849 0.103 -7.848 0.287 -0.058 -3.907 0.896 -3.935
2 Y 1.338 -7.363 -0.366 -6.615 -5.973 -5.442 -7.644 -4.121 -5.907 -0.168 -1.322 -7.162 0.034 2.24 -3.937 0.311 2.371 -2.084 5.042 2.487
3 L -0.872 0.939 1.818 -3.098 -1.221 1.76 -2.413 -2.901 0.085 0.213 0.748 2.034 1.295 1.3 -4.086 -1.149 -1.587 0.623 1.524 -1.308
4 E 0.008 0.128 0.448 1.033 -1.69 0.813 1.458 0.208 0.136 -1.632 -1.285 0.658 -1.744 -1.789 1.548 0.255 -0.848 -4.401 -0.766 -1.286
5 P -2.118 1.255 -0.557 -2.173 -2.078 -0.737 -1.797 -1.836 1.886 1.049 -0.096 0.665 -1.766 0.599 2.988 -1.331 -1.641 0.848 0.831 0.663
6 I -1.305 -1.017 -1.971 -4.73 -1.698 -0.938 -2.085 -1.046 0.649 2.425 0.602 -0.674 -0.217 2.525 1.199 -1.354 -0.651 -0.612 0.799 1.369
7 V 0.216 -0.028 -0.641 -4.521 0.266 0.351 -1.573 -3.625 2.256 1.443 -1.784 -0.383 -1.572 0.753 -2.404 0.088 0.946 1.936 1.501 2.067
8 N -0.432 -0.659 1.974 -3.932 0.092 1.703 0.825 0.46 1.702 -3.796 -0.39 0.35 -1.161 0.223 -0.26 -0.101 0.191 -4.645 1.128 -1.03
9 R -7.147 8.054 -6.127 -7.185 -7.866 -5.155 -6.188 -7.748 -2.48 -8.101 -6.176 0.24 -4.879 -8.038 -7.94 -7.05 -7.095 -7.874 -5.549 -6.174
