Last position-specific scoring matrix computed, values are in halfbits
A R N D C Q E G H I L K M F P S T W Y V
1 L -0.443 -1.427 0.418 -1.557 -3.494 0.799 -0.081 -2.289 0.97 -0.035 0.48 -1.477 -0.118 1.985 -2.556 -0.654 -0.003 0.235 3.436 0.518
2 T -1.497 -6.138 -5.363 -5.584 -3.328 -3.725 -4.789 -4.699 -4.153 -0.14 1.035 -7.492 1.045 -4.857 -6.615 3.659 4.787 -8.658 -5.531 0.72
3 D -1.332 -5.528 -1.818 6.397 -3.537 -1.972 3.728 -4.181 -1.829 -4.999 -5.586 -4.22 -3.176 -3.656 -4.982 -1.977 -3.073 -4.709 -2.31 -4.883
4 P -1.31 0.498 -0.364 0.412 -2.567 0.391 0.941 -0.325 0.961 -0.495 -0.327 0.448 -0.99 -0.208 1.8 0.056 -0.233 -2.343 -0.098 -1.029
5 L -1.304 0.427 1.43 0.088 -3.003 0.953 0.662 -0.743 2.656 -0.036 -0.227 -0.483 -0.923 -0.209 -1.37 0.067 -0.536 -2.289 0.336 0.211
6 T -0.839 -0.243 0.987 -1.64 -0.883 1.246 -1.982 -0.419 1.69 -0.562 -0.504 -0.737 0.237 0.594 0.542 0.225 1.469 -1.153 -0.789 0.703
7 L -0.851 -2.681 0.021 0.407 -2.249 1.737 0.739 -2.008 1.639 -0.284 2.254 -4.005 0.602 -0.512 -1.153 -0.006 -0.4 0.166 -0.985 -0.5
8 L -1.26 1.176 -1.407 -2.041 -2.213 1.093 0.72 -1.425 2.195 -1.892 1.276 0.589 -0.548 0.585 -3.504 -0.114 0.212 -2.568 1.833 -0.585
9 Y -6.836 -6.751 -8.567 -7.915 -7.213 -5.729 -6.439 -9.342 -2.525 -6.716 -2.516 -3.036 -3.026 -1.47 -7.791 -6.503 -7.249 -2.736 9.336 -2.832
