Last position-specific scoring matrix computed, values are in halfbits
A R N D C Q E G H I L K M F P S T W Y V
1 E -1.861 -3.225 -1.549 3.228 -5.055 -1.419 5.63 -4.694 0.993 -5.396 -5.517 -1.236 -3.792 -0.591 -5.186 -0.931 -2.408 -5.034 0.453 -5.06
2 V -2.426 -5.23 -5.393 -5.563 -3.009 -2.408 -2.002 -5.76 -5.426 2.7 0.522 -5.027 -2.307 -3.505 -5.194 -4.303 1.766 -5.388 -4.471 5.548
3 I 1.231 0.11 -0.024 -4.159 -3.556 -0.151 -4.131 -2.92 -4.071 2.793 -0.465 0.902 0.837 -1.277 0.978 0.05 0.182 -5.143 -0.672 0.727
4 E -0.401 -1.101 -0.059 3.207 -4.469 1.486 3.161 -0.719 -3.041 -2.679 -3.899 -0.061 -4.156 -1.897 1.41 -0.478 0.21 -1.694 -4.592 -2.912
5 K -0.643 1.579 1.451 -1.683 -4.15 0.44 0.249 -3.22 2.737 0.506 -0.785 1.3 -2.578 0.177 -5.613 -0.723 -0.051 0.92 1.876 -0.157
6 I -1.57 -5.109 -2.157 -4.142 -3.359 -2.102 -4.589 -4.569 -1.171 4.038 2.06 -3.071 1.222 2.005 -5.338 -1.37 -0.895 0.298 -2.793 2.67
7 L 0.373 -2.747 -1.743 -3.463 -3.555 1.697 -2.994 -1.544 -1.765 -1.008 3.051 -3.283 0.528 -0.276 1.251 0.97 -0.395 0.331 -1.576 -0.9
8 L -0.401 0.913 -0.816 -0.551 -4.077 1.972 1.014 -2.98 1.576 -2.332 0.725 0.789 -1.609 0.519 -5.128 0.697 -0.54 -2.796 1.971 -0.97
9 Y -5.04 -4.655 -5.553 -6.258 -4.526 -5.485 -5.881 -6.042 -1.504 -2.695 -0.866 -5.42 1.58 5.812 -6.816 -5.771 -5.204 -1.559 7.438 -2.815
