Last position-specific scoring matrix computed, values are in halfbits
A R N D C Q E G H I L K M F P S T W Y V
1 K 1.54 3.78 -5.647 -8.047 -2.589 -0.535 -6.327 -0.158 1.264 -0.521 -3.159 3.492 -2.08 -3.83 -8.04 1.104 -1.141 -7.105 -3.306 -0.064
2 L -2.383 -4.732 -6.792 -6.69 -3.872 0.387 -6.925 -6.384 -6.389 2.528 3.166 -6.275 1.861 -6.582 -8.957 -0.558 2.67 -7.066 -5.021 3.15
3 Y 0.73 -0.933 1.512 -1.079 -1.173 -1.722 -3.67 -1.435 0.886 -1.748 0.014 -0.297 0.259 2.538 -2.822 0.34 -1.815 1.987 4.412 -2.972
4 E -0.542 -0.921 0.267 1.07 -4.973 0.879 1.446 0.387 0.177 -2.437 -2.039 0.904 -2.854 -1.146 2.095 1.013 -0.187 -1.66 -1.568 -1.62
5 P -0.828 0.226 -0.03 -2.64 -4.804 0.149 -1.101 -0.44 2.139 -0.392 -1.548 1.396 -2.209 -0.473 2.584 0.042 0.314 1.159 -0.119 0.316
6 L -0.187 -2.161 -1.68 -4.714 -2.906 0.761 -4.08 -0.815 -0.401 1.472 0.901 -1.519 0.428 1.775 1.424 -0.203 0.798 -1.853 -0.786 1.461
7 L -0.977 0.388 -1.668 -5.918 -4.253 -0.651 -3.746 -2.456 -0.98 2.222 2.638 -0.728 0.834 0.541 -1.156 -0.023 0.336 -3.813 -2.192 0.769
8 L -0.551 -0.079 0.998 -4.713 -3.906 2.206 0.313 -0.547 0.041 -2.428 0.692 0.587 -0.377 -0.282 0.067 0.562 0.534 -2.335 0.717 -1.108
9 K -9.564 2.653 -8.007 -10.273 -11.201 -7.079 -8.165 -10.849 3.102 -8.848 -8.631 6.93 -8.223 -6.633 -9.07 -8.813 -9.396 -6.211 3.361 -6.087
