Last position-specific scoring matrix computed, values are in halfbits
A R N D C Q E G H I L K M F P S T W Y V
1 V -0.872 0.848 -0.137 -2.608 -6.085 -0.423 -0.465 -4.612 0.277 1.494 -0.338 1.243 -1.114 -0.207 -1.311 -0.444 0.365 -6.232 2.001 2.044
2 Y -7.755 -10.385 -7.889 -9.593 -10.167 -3.404 -10.029 -8.118 -2.801 -6.866 -4.253 -10.497 -2.878 3.358 -11.992 -9.024 -6.254 2.485 9.1 -8.001
3 L -0.21 -3.628 0.541 -2.363 -3.918 1.023 -1.677 -0.857 0.061 1.43 0.892 -0.292 1.128 -0.824 1.704 0.136 0.957 -2.653 -2.263 -0.179
4 P -1.212 -0.087 0.463 1.512 -6.35 0.648 1.121 -0.662 1.412 -1.065 -1.355 1.177 -2.654 -1.506 2.21 -0.021 -0.077 -1.124 -1.553 -1.463
5 K -1.318 0.339 0.421 -0.402 -4.358 0.457 -0.97 -1.063 2.676 1.1 -0.682 1.439 -1.731 0.245 -1.148 -0.761 -0.397 0.787 0.335 0.979
6 L -0.863 -2.009 -1.289 -3.885 -4.728 0.112 -3.448 -2.145 2.46 1.241 0.592 -1.132 -0.049 2.715 1.521 -0.188 0.601 1.196 -0.449 0.838
7 E -0.333 -1.761 1.711 -0.901 -5.562 1.841 0.862 -4.769 3.608 -1.77 -1.092 -1.503 -0.914 1.049 0.985 -0.317 -0.277 0.825 2.01 -0.473
8 L -1.86 0.614 0.247 -3.129 -4.184 1.336 0.108 -2.63 2.824 -2.31 0.979 1.41 -1.08 0.058 -5.87 0.332 1.645 -3.027 0.808 -0.188
9 F -9.565 -11.079 -8.332 -11.858 -9.249 -10.45 -8.923 -11.586 -8.356 2.849 3.479 -11.279 0.404 6.416 -12.474 -9.71 -7.792 4.708 -1.055 -3.207
