Last position-specific scoring matrix computed, values are in halfbits
A R N D C Q E G H I L K M F P S T W Y V
1 F 0.107 0.294 0.352 -5.86 -4.798 -0.064 -2.874 -3.093 1.373 0.459 -0.722 0.185 0.074 3.179 -8.834 0.724 0.242 -4.228 3.222 0.301
2 R 0.272 6.616 -5.066 -8.418 -7.064 0.354 -6.992 -2.288 -0.906 -4.24 -2.558 -0.707 -3.662 -3.436 -8.219 -1.458 -1.233 -6.381 1.615 -1.629
3 P 0.989 -2.501 1.269 -5.045 -4.7 -2.215 -3.957 -3.36 0.917 0.619 -3.857 -0.65 -1.157 3.077 3.15 0.41 -1.282 -3.926 3.487 -0.909
4 P -1.7 -3.524 0.778 2.969 -8.139 0.557 1.845 0.911 -1.073 -2.939 -1.838 -1.196 -3.995 -1.922 3.399 -0.221 -1.26 -0.351 -1.966 -2.376
5 L -1.838 0.507 0.416 -1.419 -4.974 -0.165 -1.687 -0.085 2.873 1.193 1.034 0.779 -0.342 2.464 -4.286 -1.742 -1.824 1.942 0.479 -0.654
6 V 0.011 -3.532 -3.626 -4.484 -4.315 -0.854 -0.267 -4.053 -4.915 3.046 0.875 -2.682 -1.46 -2.604 2.512 -2.297 0.062 -5.324 -1.814 3.22
7 R -2.935 4.398 1.083 -5.966 -7.959 3.165 -5.455 -7.955 1.763 0.894 -0.03 0.98 -0.881 -2.278 -4.108 -1.289 -1.523 -2.015 -2.417 0.744
8 L -1.757 0.873 -1.48 -3.223 -4.475 1.648 1.424 -5.982 1.275 -0.796 1.043 1.186 0.095 0.797 -5.129 -0.195 -0.023 0.088 1.958 0.145
9 L -6.79 -7.938 -9.113 -10.194 -5.894 -9.467 -9.994 -8.964 -6.888 2.589 4.395 -7.95 0.927 0.038 -8.272 -8.384 -6.32 -6.706 1.848 3.914
