Last position-specific scoring matrix computed, values are in halfbits
A R N D C Q E G H I L K M F P S T W Y V
1 L -2.439 -4.438 -1.106 -2.658 -4.252 -2.039 -1.79 -5.787 2.266 0.679 1.885 -3.737 3.742 4.186 -6.661 -1.078 -1.108 0.594 3.07 -0.341
2 P 1.158 -5.457 -4.775 -5.139 -4.492 -4.737 -5.157 -2.892 -5.097 -3.368 -4.52 -4.433 -4.793 -5.406 7.514 -2.873 -3.961 -7.431 -5.908 -1.597
3 F -0.473 -0.986 -0.079 -3.342 -4.294 -0.314 -3.013 -3.112 2.308 0.483 0.995 -1.451 0.425 3.724 -1.962 -1.857 -0.638 2.214 2.315 0.754
4 L -0.219 -1.472 -0.14 0.895 -4.521 0.18 0.886 -0.497 2.212 -1.374 0.529 -2.157 -3.146 0.268 2.249 -0.474 -1.052 1.858 0.615 -1.094
5 L -1.072 -1.397 -0.71 -1.976 -3.694 0.39 -2.83 -0.198 0.117 1.027 1.088 -0.77 -0.47 1.935 2.721 -1.341 -1.717 -1.241 -0.475 0.926
6 L -1.416 -2.191 -2.564 -2.763 -3.637 -0.765 -3.105 -0.528 -0.985 2.231 1.279 -1.708 -0.66 2.96 2.741 -2.076 -1.283 0.03 -0.6 0.84
7 L -0.673 -2.111 -0.743 -2.257 -4.109 -1.41 -1.687 -4.18 1.043 2.04 1.374 -2.748 0.202 1.217 2.172 -1.873 -0.657 2.683 -0.637 1.79
8 S 1.595 -0.797 -1.485 -2.187 -3.961 0.145 0.946 -1.343 0.443 -1.071 -1.539 -1.329 -1.609 -1.77 0.689 1.75 1.307 -5.766 -2.739 1.434
9 A 5.466 -4.745 -4.778 -5.485 -3.086 -4.565 -5.21 -2.77 -5.101 -1.037 -2.909 -4.728 -3.833 -3.833 -0.416 -2.196 -1.724 -5.979 -5.147 3.22
