Last position-specific scoring matrix computed, values are in halfbits
A R N D C Q E G H I L K M F P S T W Y V
1 R 1.003 4.127 -4.606 -8.497 -8.668 0.311 -4.965 1.065 3.134 -1.888 -3.069 2.826 -3.603 -1.325 -7.618 0.498 -1.467 -3.994 -0.326 -1.822
2 Q -3.068 -6.309 -8.278 -9.06 -8.374 6.706 -4.256 -5.611 -7.137 0.707 2.908 -6.545 1.225 -8.215 -10.276 -2.168 -2.661 -9.684 -8.9 0.96
3 A 0.789 -2.319 0.365 -2.449 -0.11 -0.749 -6.048 -2.168 2.968 -0.098 -0.076 0.419 -0.057 1.863 -0.657 0.675 0.546 0.559 1.923 -0.247
4 E -0.287 -0.644 0.649 1.854 -3.9 1.149 1.387 0.3 0.575 -2.007 -2.618 1.389 -3.668 -1.783 1.954 0.43 -0.774 -5.254 -3.513 -1.749
5 V -0.6 -2.112 -1.78 -1.912 -2.419 0.837 -0.277 -0.328 0.988 1.835 0.335 -0.122 -2.182 -0.467 -0.898 -1.152 0.606 -3.414 -0.374 2.354
6 I -0.214 -1.339 -1.125 -1.19 -2.037 2.127 0.547 -1.787 0.481 1.879 -0.869 -0.009 -1.34 -0.374 1.553 -0.679 -0.338 -9.679 -1.544 1.193
7 L -1.7 -2.815 -1.825 -1.513 -1.933 3.51 -0.106 -7.705 1.759 0.547 2.942 -3.199 -0.458 -0.357 -0.021 -3.547 -0.521 -1.016 -0.317 0.293
8 K -0.356 1.676 -0.514 -3.312 -2.206 2.247 0.952 -1.686 1.514 -3.205 0.075 2.443 -2.353 -2.448 -8.655 0.647 1.003 -7.905 -1.392 -0.726
9 I -3.503 -10.257 -10.67 -10.8 -3.95 -10.399 -10.822 -10.701 -10.275 5.544 1.327 -10.085 -1.581 -6.964 -9.217 -10.177 -4.049 -9.806 -7.311 5.119
