Last position-specific scoring matrix computed, values are in halfbits
A R N D C Q E G H I L K M F P S T W Y V
1 S 1.635 2.776 -1.8 -5.546 -4.829 -0.992 -4.282 -1.221 2.03 -0.719 -0.464 1.312 -0.101 -1.313 -6.493 2.292 0.007 -4.375 -0.95 -0.841
2 P -1.375 -5.747 -6.264 -5.976 -5.385 -5.048 -5.994 -6.095 -5.958 -2.036 -4.211 -5.436 -5.946 -6.959 7.83 -4.826 -4.093 -8.33 -6.685 -0.003
3 K -0.469 3.092 1.252 -3.678 -1.184 1.054 -2.6 -2.717 1.258 -1.699 -1.491 3.927 1.092 -1.544 -4.947 -0.717 -1.392 1.447 -1.325 -2.772
4 P 0.225 -0.667 0.142 -0.026 -2.074 0.233 0.803 0.218 -0.143 -2.377 -1.548 0.972 -1.013 -0.187 2.826 0.527 -1.586 -1.137 -0.424 -1.293
5 P -0.479 1.172 0.843 -1.679 -3.762 -0.105 -2.144 0.389 2.307 -1.219 -2.587 1.617 -3.406 -0.603 3.167 -0.339 -0.99 -1.157 -1.371 0.014
6 R -1.308 3.035 -0.47 -3.793 -3.016 -0.825 -2.899 1.0 1.366 0.835 -0.399 1.182 -1.157 0.209 0.851 -0.956 -0.573 -2.383 -2.348 0.1
7 K -1.525 1.909 -0.841 -3.217 -2.034 -0.196 -1.699 -2.052 1.486 -0.964 -0.794 3.889 -1.014 -3.098 2.096 -0.345 -0.301 -2.589 -3.738 -0.811
8 V 1.139 -0.454 -2.501 -2.87 0.07 1.188 0.658 -1.689 -3.151 -0.294 -1.176 -0.008 -0.1 -3.495 -1.911 1.206 1.629 -4.062 -1.707 2.139
9 L -2.934 -6.515 -7.364 -7.638 -4.457 -6.063 -7.407 -7.352 -4.356 1.178 5.125 -6.147 2.415 2.139 -7.787 -7.052 -4.466 -4.093 -3.616 1.689
