Last position-specific scoring matrix computed, values are in halfbits
A R N D C Q E G H I L K M F P S T W Y V
1 A 1.245 1.247 -1.285 -7.392 -6.566 -0.952 -6.523 -0.08 -1.236 0.132 -2.06 1.824 -1.244 2.895 -8.328 1.145 -0.148 -3.902 2.835 -0.489
2 L -3.686 -7.728 -7.871 -8.912 -6.052 0.186 -8.468 -6.423 -7.751 0.936 5.38 -7.816 4.697 -5.393 -9.202 -5.636 -2.552 -7.614 -6.985 -0.22
3 N 0.674 -2.101 3.449 1.513 -3.867 1.733 -3.291 -2.437 -0.241 -0.082 -1.895 -4.734 1.765 0.792 -3.197 1.738 -1.051 -0.981 1.495 -2.368
4 D -2.154 -4.434 0.262 4.315 -4.124 -0.564 3.694 0.989 -2.734 -5.639 -6.553 -2.304 -7.683 -5.363 2.357 0.378 -1.728 -2.779 -5.54 -5.496
5 V -1.488 -2.002 -0.582 -0.707 -3.43 1.331 0.304 -0.304 -0.031 1.393 -0.317 0.156 -0.976 0.758 -2.282 -0.906 0.488 -2.403 1.016 1.861
6 V -0.44 -3.369 1.393 -3.107 -2.14 1.43 -1.383 -1.922 -1.092 1.851 0.017 -3.355 -0.327 -0.601 -0.423 0.035 1.759 -2.498 0.409 1.868
7 V 0.019 -2.108 0.99 -3.055 -6.17 1.298 -0.551 -7.521 3.056 0.054 -1.625 0.474 -1.854 2.048 -1.49 -1.555 0.459 2.288 2.565 1.468
8 E -0.599 -0.274 2.117 -3.051 -2.802 2.447 1.897 0.334 0.5 -4.543 -2.104 -0.703 -1.067 -0.473 -5.195 0.734 2.12 -5.924 1.132 -2.38
9 L -3.43 -5.333 -8.612 -9.035 -6.313 -8.103 -8.684 -8.779 -6.594 -0.684 3.757 -3.189 4.445 3.252 -9.31 -8.425 -6.566 -6.148 4.472 2.264
