Last position-specific scoring matrix computed, values are in halfbits
A R N D C Q E G H I L K M F P S T W Y V
1 A 2.341 0.903 -0.504 -2.454 -5.872 2.436 2.662 -0.456 -0.471 -4.716 -5.044 0.566 -1.151 -4.927 -9.266 1.833 0.592 -6.399 -4.751 -2.547
2 E -6.52 -6.854 -7.62 -3.09 -9.659 -3.54 7.703 -6.973 -6.4 -8.152 -9.47 -6.648 -6.32 -9.884 -7.821 -7.494 -8.59 -9.692 -9.207 -9.388
3 A 1.028 -4.08 1.871 0.276 -0.351 0.088 -0.94 -0.802 1.153 1.161 -0.614 -3.152 0.792 1.216 -3.306 0.051 -0.009 0.262 -0.096 0.648
4 E -0.405 -0.649 0.186 1.937 -8.047 0.609 2.191 0.578 -0.459 -0.736 -1.121 -0.407 -1.084 -1.487 1.49 -0.329 -1.426 -2.724 -2.043 -0.778
5 L -0.677 0.165 -0.982 -1.603 -3.305 0.872 -0.409 -0.908 0.812 1.199 0.266 0.241 -0.768 -0.034 -0.145 -0.405 0.946 -2.172 -0.826 1.145
6 K -0.335 0.981 -0.82 -2.106 -2.911 0.91 -0.849 -1.111 0.842 0.914 -0.51 1.568 -1.597 -0.166 0.768 -0.749 0.137 -2.595 -0.835 1.081
7 K -1.472 1.116 -0.595 -2.889 -1.692 2.411 0.575 -5.473 2.62 0.086 0.277 2.484 -1.493 -1.051 -0.102 -1.09 -0.927 -2.11 -0.909 -0.048
8 K -0.632 1.927 -0.047 -2.454 -3.01 1.793 0.406 -0.59 1.557 -2.942 -0.558 2.282 -1.696 -1.724 -4.901 0.786 0.621 -4.808 -1.116 -0.236
9 Y -6.617 -8.393 -10.028 -10.539 -7.355 -6.78 -9.014 -10.153 -4.961 0.737 2.076 -7.89 0.971 5.023 -8.896 -8.844 -7.644 7.552 5.889 -5.375
