Last position-specific scoring matrix computed, values are in halfbits
A R N D C Q E G H I L K M F P S T W Y V
1 V -0.005 1.879 0.159 -3.359 -0.344 -0.423 -0.468 -3.945 0.911 1.118 -1.523 1.409 -2.796 -2.62 -0.828 -0.163 0.315 -7.912 0.755 2.12
2 Y -7.227 -6.617 -8.257 -9.035 -7.629 -2.805 -7.977 -7.169 -2.584 -4.518 -2.534 -8.025 -1.26 3.764 -7.429 -7.706 -5.751 2.029 8.802 -5.267
3 L -1.566 -5.472 0.077 -2.682 -1.671 0.148 -2.608 -2.251 -0.506 2.865 2.127 -1.935 0.914 -0.76 1.498 -1.109 -0.174 -3.501 -0.644 1.045
4 D -1.552 -1.031 0.567 2.879 -3.783 -0.001 1.303 -0.127 1.911 -3.074 -3.064 0.672 -3.531 -3.179 3.025 -0.16 -0.128 -0.92 -1.325 -2.55
5 V -1.754 0.1 -0.058 -0.666 -0.52 0.144 -0.64 -1.098 2.092 1.274 -0.896 1.299 -1.815 0.132 -0.929 -1.103 -0.324 0.864 0.319 1.846
6 F -0.716 -1.431 -0.928 -4.115 -2.59 0.352 -3.758 -1.893 2.772 0.929 0.217 -0.658 -0.209 2.704 0.926 -1.176 0.669 0.992 0.672 1.255
7 H -1.076 -1.263 1.03 -2.309 -1.966 1.533 0.321 -4.625 3.999 -1.714 -0.243 -2.292 -1.813 1.463 1.641 -1.191 0.495 0.915 2.268 -0.248
8 T -2.131 1.544 -0.25 -3.286 -1.196 1.426 0.826 -3.257 3.015 -2.665 0.367 1.736 -0.95 -0.695 -7.127 -0.225 1.896 -4.324 0.353 -0.103
9 F -7.561 -8.671 -9.129 -9.444 -6.78 -9.229 -9.445 -9.144 -7.528 2.857 3.398 -8.889 -0.981 6.63 -10.038 -9.106 -7.055 3.818 -1.957 -3.132
