Last position-specific scoring matrix computed, values are in halfbits
A R N D C Q E G H I L K M F P S T W Y V
1 L -2.882 -4.528 -0.002 -1.931 -3.53 -0.197 -1.577 -7.115 4.425 -0.101 1.199 -5.658 3.527 3.457 -7.192 -0.05 1.202 -2.644 2.404 -1.498
2 P 3.068 -5.885 -8.585 -8.948 -6.207 -6.49 -7.45 -6.377 -4.197 -4.565 -7.891 -7.726 -6.292 -7.399 7.412 -3.937 -5.553 -7.02 -8.688 -1.016
3 S 0.428 -6.612 1.292 0.951 -0.158 -0.578 0.005 -3.161 1.07 1.802 -1.109 -6.196 -0.901 0.487 -3.439 1.284 0.831 -2.376 0.152 1.459
4 P -0.001 -1.533 -0.199 1.736 -5.305 0.771 1.875 0.618 1.221 -2.992 -2.956 -0.801 -2.666 -3.141 2.973 1.029 -0.492 -2.879 -2.442 -2.267
5 V -0.57 -1.48 -0.251 1.441 -3.52 0.103 0.701 0.067 1.238 -0.014 -1.354 -1.149 -2.167 -0.973 0.416 0.356 0.522 -2.693 -0.3 1.495
6 D 0.594 -1.801 -0.518 2.637 -3.043 0.559 0.811 -1.095 0.884 0.288 -2.485 -2.441 -2.22 -0.81 1.025 0.871 0.23 -4.025 -2.478 0.469
7 P 0.371 -1.638 -0.001 -1.366 -3.125 0.527 0.248 -5.657 3.012 0.389 -0.507 -2.661 -1.067 -0.345 2.7 -0.79 0.393 -1.224 0.183 1.277
8 V 1.409 -1.068 -2.527 -2.879 -1.585 0.493 1.581 -4.089 -0.163 0.055 -1.361 -0.654 -2.306 -4.905 -1.884 1.496 1.875 -9.11 -2.397 2.296
9 L -3.326 -5.603 -10.349 -10.649 -5.12 -8.161 -10.366 -10.343 -8.147 -0.669 5.546 -9.559 5.012 1.581 -5.866 -10.043 -5.896 -5.646 -5.282 -1.254
