Last position-specific scoring matrix computed, values are in halfbits
A R N D C Q E G H I L K M F P S T W Y V
1 A 3.283 0.796 -4.247 -6.56 -5.617 -0.756 -4.683 1.634 -1.672 -2.353 -3.295 0.17 -2.556 -4.601 -7.381 3.344 0.042 -7.753 -5.288 0.078
2 T -0.39 -6.938 -5.327 -6.608 -4.555 -0.436 -7.102 -4.476 -7.032 1.788 -1.385 -6.644 -3.069 -6.332 -7.708 1.802 4.455 -7.711 -6.935 4.019
3 L 0.369 -6.46 -0.156 -1.865 2.0 1.402 -3.291 -1.237 -2.579 1.249 0.878 -5.47 2.864 3.053 -4.046 0.068 -1.118 -2.397 2.338 -0.384
4 P -0.552 -1.488 0.321 1.959 -2.137 0.467 1.677 0.545 -0.335 -2.471 -2.273 -0.448 -3.454 -1.782 2.598 0.619 0.141 -0.41 -1.36 -2.076
5 P -1.494 -2.763 -0.939 -0.967 -0.621 -0.817 -1.033 -1.053 0.531 0.262 -0.662 0.013 -2.326 1.535 2.846 -0.454 -0.337 2.035 1.391 1.318
6 L -0.599 -2.537 -1.457 -3.557 -0.634 -0.627 -3.412 -1.097 -1.077 2.14 0.781 -1.772 0.21 2.425 1.461 -0.624 0.544 -1.113 -0.061 1.312
7 I -1.439 -1.711 -1.866 -4.835 -2.366 -1.264 -3.07 -3.781 0.951 2.548 1.094 -2.278 0.299 2.841 0.709 -2.088 0.259 1.182 0.3 2.086
8 P -0.086 -0.116 0.772 -4.221 -0.515 1.588 0.505 -1.026 -0.109 -2.815 0.371 0.358 -1.771 -0.832 2.338 -0.336 0.365 -3.692 0.949 -0.761
9 K -6.395 2.961 -5.752 -6.319 -7.441 -4.748 -5.094 -6.926 0.553 -7.559 -7.593 7.157 -6.637 -7.576 -5.905 -6.438 -6.25 -7.571 -0.356 -6.643
