Last position-specific scoring matrix computed, values are in halfbits
A R N D C Q E G H I L K M F P S T W Y V
1 A 3.037 1.607 -4.62 -7.158 -4.599 -0.607 -4.714 1.337 -0.613 -2.39 -3.823 0.932 -3.276 -5.079 -6.381 3.065 0.415 -9.592 -3.902 0.149
2 V -0.048 -7.111 -6.804 -7.931 -5.41 -0.25 -7.304 -3.959 -7.21 1.545 -1.334 -8.505 -3.608 -6.447 -8.082 2.068 4.352 -9.586 -7.119 4.045
3 L 0.706 -7.568 0.629 -1.398 0.227 1.346 -3.784 -1.113 -0.758 1.037 0.438 -5.242 2.136 2.4 -3.872 0.992 -0.808 -2.794 2.483 -0.001
4 P -0.736 -1.354 0.225 1.943 -3.808 0.476 1.621 0.435 -0.518 -2.198 -1.887 -0.241 -3.513 -1.777 2.425 0.828 0.293 -1.658 -0.999 -2.028
5 P -0.772 -2.081 -0.409 -1.282 -1.975 -0.723 -0.799 -0.975 0.64 0.538 -1.043 0.25 -2.434 0.971 2.744 0.067 -0.018 1.322 0.591 1.095
6 L -0.329 -2.487 -1.759 -3.979 -1.461 0.305 -3.841 -1.248 0.226 1.947 0.621 -1.711 -0.305 1.963 1.124 -0.113 0.914 -1.362 -0.398 1.58
7 L -1.329 -1.773 -1.383 -4.476 -2.663 -1.052 -2.323 -3.269 1.444 2.261 1.341 -1.651 -0.619 2.404 0.751 -1.893 0.461 -0.117 0.144 1.948
8 L -0.371 -0.308 1.181 -4.908 -1.64 2.203 0.698 -1.097 0.397 -3.039 0.513 0.618 -1.534 -0.979 1.568 -0.065 0.591 -4.579 0.387 -0.941
9 K -8.291 2.887 -7.672 -8.243 -9.294 -5.708 -7.238 -8.495 0.686 -8.088 -7.648 7.263 -6.112 -8.303 -7.859 -8.352 -7.162 -9.421 -0.068 -5.295
