Last position-specific scoring matrix computed, values are in halfbits
A R N D C Q E G H I L K M F P S T W Y V
1 F 0.334 -2.822 -2.171 -6.934 -3.343 -2.615 -5.42 -3.59 0.501 0.136 0.842 -2.474 0.251 4.861 -5.552 0.244 -0.929 -1.283 3.888 0.495
2 A 5.139 -7.56 -5.527 -8.239 -1.744 -1.72 -7.963 -0.826 -9.272 0.51 -2.75 -8.67 -4.321 -5.752 -0.608 1.993 0.784 -6.563 -7.003 0.148
3 I 0.333 -6.486 0.295 1.074 -2.68 0.294 -0.882 -4.1 0.996 2.654 -0.823 -4.697 1.519 0.131 -2.741 -0.222 0.346 -3.793 1.854 1.595
4 P -0.395 -2.02 -0.201 2.078 -6.626 -0.154 1.556 0.928 0.91 -2.718 -2.411 -2.03 -2.305 -1.871 3.885 0.061 -1.066 -1.281 -1.75 -2.117
5 P 0.099 0.529 -0.208 -2.098 -5.318 -0.242 -1.666 0.399 3.222 -0.83 -1.635 -0.423 -2.786 -0.636 2.79 0.164 -0.223 -1.05 -1.307 1.008
6 G 0.283 -0.265 -1.072 -3.873 -3.377 -0.567 -3.334 1.502 1.72 0.134 -0.817 -2.816 -0.033 2.203 1.189 1.157 0.424 -2.621 -0.594 0.068
7 L -0.491 1.462 -1.029 -4.153 -4.481 0.874 -2.347 -3.822 2.939 -0.171 1.109 0.423 1.05 -1.807 1.468 0.474 0.79 -2.303 -2.426 -0.14
8 A 1.892 -3.693 -1.176 -2.751 -4.486 0.568 2.075 -3.49 -0.366 -0.737 -2.442 -2.649 -2.598 -1.07 -0.302 1.989 1.691 -4.75 -0.949 1.348
9 L -3.476 -10.214 -11.145 -11.42 -6.509 -10.548 -11.157 -11.102 -8.21 -1.214 5.809 -10.4 3.039 1.108 -5.728 -8.688 -6.17 -2.165 -6.357 0.374
