Last position-specific scoring matrix computed, values are in halfbits
A R N D C Q E G H I L K M F P S T W Y V
1 K -0.366 2.277 -3.978 -8.047 -5.639 -0.115 -5.112 -2.254 1.947 1.191 0.108 3.771 0.2 -1.041 -8.073 -0.67 -0.189 -3.172 -0.692 0.508
2 S 2.224 -8.5 -6.489 -7.313 -2.959 -4.418 -7.047 -2.405 -6.178 -1.266 -2.183 -7.864 -2.667 -7.435 -5.457 4.091 4.405 -6.42 -7.84 1.278
3 L -0.183 1.782 -0.35 -1.595 -2.153 -0.876 -4.267 -2.513 1.135 -0.004 0.965 2.215 0.71 1.496 -4.674 -0.494 -1.301 2.001 0.605 -0.122
4 P -1.116 0.672 -0.078 0.827 -5.927 0.44 0.947 -0.779 -0.06 -0.901 -1.191 1.718 -2.369 -1.357 2.472 -0.415 -0.274 -0.788 -2.381 -0.443
5 L -1.928 -0.709 -0.596 0.235 -3.694 -0.435 0.046 -1.145 1.409 1.597 1.006 0.006 -0.998 0.89 -0.159 -1.654 -0.14 -0.57 -0.682 1.203
6 L -0.688 0.181 -0.117 -1.538 -2.749 1.606 -0.597 -2.081 1.515 1.045 0.808 -0.356 -0.622 0.397 0.547 -1.059 -0.525 -0.464 -0.383 0.964
7 R -0.788 2.077 -0.662 -1.327 -3.826 1.425 0.783 -4.657 2.661 -0.572 -0.715 -0.134 -1.267 0.782 -0.102 -0.796 -0.696 2.569 1.18 0.292
8 L -1.841 0.662 0.457 -3.034 -2.88 1.347 0.06 -2.221 1.616 -1.854 0.908 0.732 -0.304 0.739 -6.59 0.578 1.81 -1.977 0.512 -0.072
9 W -11.277 -11.442 -11.981 -12.447 -10.607 -11.656 -10.212 -11.722 -9.611 -0.487 -0.183 -9.35 -0.867 5.292 -13.539 -12.122 -11.324 10.402 3.618 -7.49
