Last position-specific scoring matrix computed, values are in halfbits
A R N D C Q E G H I L K M F P S T W Y V
1 D -2.33 0.179 3.684 3.928 -2.625 -0.655 0.21 -2.168 0.667 -1.817 -2.457 -1.075 -0.6 -0.113 -2.376 -0.737 -1.129 -3.057 0.371 -0.896
2 R -1.936 5.813 -0.409 -0.885 -3.105 1.993 0.197 -2.867 0.698 -3.522 -3.15 1.126 -2.224 -3.519 -2.374 -1.821 -1.819 -3.326 -2.651 -3.096
3 F -1.983 -1.863 -0.479 -3.237 -1.956 -0.142 -3.045 -1.936 -0.227 0.854 1.064 -1.201 -0.115 3.932 -0.62 -3.028 -1.127 0.663 3.744 0.75
4 E -0.791 -1.417 -0.744 1.701 -2.173 0.731 2.237 -1.565 -0.505 0.079 0.841 -0.827 -0.544 0.192 1.478 -1.572 -1.316 -3.138 -1.32 -0.886
5 R -1.369 4.515 -1.116 -1.154 -2.582 -0.366 -1.079 -0.012 -0.094 -1.26 -2.214 1.235 -2.028 0.503 -0.414 -0.858 -0.976 -2.318 1.848 -2.355
6 I -0.65 0.955 -0.074 -1.173 -1.802 0.788 -1.34 -0.319 -0.465 1.254 -0.587 -0.235 0.061 0.465 0.026 -1.17 0.824 -2.513 1.266 0.785
7 L -1.573 -0.911 0.851 -1.463 -1.821 0.165 0.09 -2.143 1.267 1.35 0.682 -0.403 1.459 0.305 -2.469 -0.301 0.518 1.344 1.515 0.07
8 S 1.172 -0.702 -0.938 -0.215 -1.457 1.022 1.277 -0.626 -1.644 -1.1 -2.239 -0.078 -0.239 -1.101 -2.998 1.629 1.55 -3.297 -2.512 0.613
9 L -1.698 -3.203 -4.041 -4.41 -1.397 -3.509 -4.087 -4.097 -2.02 1.326 4.066 -3.378 1.623 1.724 -4.544 -3.825 -2.58 0.433 3.075 0.789
