Last position-specific scoring matrix computed, values are in halfbits
A R N D C Q E G H I L K M F P S T W Y V
1 K 1.275 4.017 -4.659 -5.97 -6.793 -0.867 -5.679 -0.714 1.086 -1.648 -3.728 4.192 -3.096 -3.951 -6.379 0.959 -1.608 -8.045 -3.054 -0.68
2 V -1.489 -4.381 -3.455 -7.619 -6.078 1.06 -4.388 -3.169 -5.374 1.269 0.572 -5.842 0.267 0.761 -6.163 0.923 3.257 0.291 1.681 2.961
3 K -3.903 4.217 -1.189 -5.967 -7.419 0.026 -6.259 -5.102 1.362 -1.062 -1.693 5.263 -1.909 0.276 -2.44 -2.997 -4.839 -1.464 -1.105 -3.294
4 E -0.062 -3.31 0.256 2.302 -5.076 0.591 2.101 0.882 -1.406 -1.702 -2.337 -0.828 -3.496 -1.397 2.816 0.02 -0.887 -0.683 -1.324 -2.598
5 P -0.677 -1.258 -0.91 -1.37 -4.322 -0.194 -0.344 -0.77 -0.531 1.153 -0.058 1.279 -1.827 0.795 2.31 -0.368 -0.571 -0.821 -0.122 0.436
6 F -0.825 1.531 -0.968 -3.752 -2.637 0.433 -2.936 -1.183 -0.338 0.731 -1.316 -1.831 -1.144 2.304 0.551 0.222 0.827 1.671 2.257 0.908
7 P -1.666 -0.003 -1.741 -4.651 -2.868 0.49 -1.213 -5.951 -0.769 2.144 0.98 1.007 0.312 -0.209 3.065 -2.142 -1.863 -1.6 0.224 1.242
8 L -0.269 -0.886 1.716 -4.536 -2.06 1.822 0.933 -0.578 0.412 -3.374 0.088 0.387 -1.268 0.3 0.665 -0.174 0.825 -2.586 0.29 -0.374
9 K -3.088 -1.438 -6.516 -7.418 -5.425 -6.037 -6.55 -7.752 -6.281 -2.256 1.563 6.071 -1.017 -4.763 -7.82 -6.153 -6.023 -7.266 2.767 1.529
