Last position-specific scoring matrix computed, values are in halfbits
A R N D C Q E G H I L K M F P S T W Y V
1 S 1.324 2.273 -2.289 -5.734 -3.549 0.36 -4.928 -3.646 1.388 0.542 0.215 0.93 1.237 -2.006 -7.051 1.616 0.357 -3.698 0.066 0.635
2 P -1.705 -6.721 -5.46 -6.345 -5.927 -6.647 -6.002 -4.653 -5.333 -3.848 -3.909 -5.842 -4.846 -7.567 8.022 -5.998 -4.336 -8.872 -7.185 -1.776
3 K 0.701 1.054 -0.147 -4.573 -1.523 -0.483 -4.626 -3.323 2.154 -0.314 -0.482 2.516 1.5 0.761 -2.588 -0.825 -1.433 0.856 3.105 -0.039
4 P -0.051 -1.213 -1.34 0.486 -2.617 0.537 0.135 0.944 1.326 -2.428 -0.985 -0.169 -1.665 -0.825 3.524 0.12 -0.559 -1.646 -1.142 -1.469
5 P -0.117 0.207 -1.211 -2.502 -2.612 -0.383 -2.205 1.056 1.107 -0.417 -0.862 -0.178 -2.002 -1.213 3.393 -0.011 -0.057 -2.225 -2.408 1.108
6 G -0.566 -0.878 -2.717 -4.564 -3.303 -0.841 -3.63 1.922 -0.707 1.667 0.628 -1.162 0.684 1.102 1.025 0.284 0.569 -0.998 -1.626 0.3
7 P -0.686 1.329 -0.949 -3.72 -3.517 -0.734 -2.679 -2.178 0.393 0.994 0.719 -0.791 -0.217 -2.815 3.471 -0.181 0.728 -3.922 -3.593 0.958
8 A 2.215 -0.454 -2.92 -4.268 -0.454 0.539 0.519 -1.113 -0.402 -1.449 -2.181 -0.729 -0.784 -3.656 0.26 1.813 1.596 -6.971 -2.714 1.314
9 A 5.802 -5.937 -6.568 -6.685 -1.279 -5.751 -6.384 -4.271 -4.54 -1.725 -3.247 -5.722 -4.692 -5.344 -1.088 -3.192 -1.711 -7.132 -5.014 3.212
