Last position-specific scoring matrix computed, values are in halfbits
A R N D C Q E G H I L K M F P S T W Y V
1 E 1.486 1.287 -0.169 -1.087 -6.878 0.882 2.458 0.841 -0.411 -3.918 -4.302 1.161 -3.066 -3.539 -7.514 1.168 1.165 -0.814 -3.44 -1.665
2 E -6.696 -6.172 -5.531 -1.701 -8.419 -4.29 7.623 -7.944 -5.641 -8.774 -8.731 -5.378 -7.786 -8.58 -7.916 -6.217 -7.319 -8.397 -5.593 -8.162
3 I 0.447 -3.601 1.877 0.834 -6.814 1.451 -0.08 -0.153 1.515 1.349 -0.726 -0.86 0.315 0.253 -2.526 0.001 -1.029 0.384 -1.471 -0.179
4 E -1.023 -0.34 -0.093 1.602 -7.164 0.705 2.287 0.841 -0.456 -1.252 -0.725 0.281 -1.16 -2.051 2.302 -0.878 -1.62 -4.462 -3.007 -1.329
5 G -0.693 -0.471 -0.102 -0.05 -4.821 1.061 0.744 0.592 1.446 0.153 -0.374 -0.197 -0.129 -0.808 0.729 0.026 0.094 -1.401 -0.663 -0.413
6 K 0.149 0.545 0.33 -1.106 -6.806 0.81 -0.511 0.308 1.952 0.753 -1.476 1.132 -1.678 -0.843 -1.199 0.351 0.067 -1.804 -1.627 0.704
7 V -0.555 1.196 0.236 -2.572 -5.13 1.875 0.59 -3.603 2.847 0.301 -0.963 0.124 -1.007 -0.793 0.338 -0.753 0.311 -0.159 -0.19 1.066
8 K -0.494 1.485 -0.47 -2.204 -5.93 2.266 -0.054 0.099 2.113 -4.768 -0.369 2.372 -0.383 -1.462 -7.161 0.812 0.794 -4.126 -0.952 -1.287
9 L -7.852 -6.9 -9.027 -9.363 -6.803 -8.856 -7.241 -9.0 -7.35 1.327 3.57 -6.865 2.484 5.793 -10.004 -8.488 -7.413 6.753 -0.287 -2.602
