Last position-specific scoring matrix computed, values are in halfbits
A R N D C Q E G H I L K M F P S T W Y V
1 F -0.857 -1.104 0.753 -3.725 -1.641 -2.719 -3.529 -5.664 2.337 1.698 -0.097 -0.779 0.439 3.029 -8.208 -0.002 0.521 -1.071 2.905 1.466
2 F -2.034 -7.184 -5.509 -8.106 -6.332 -5.608 -7.226 -5.91 -2.816 -3.219 -0.605 -8.504 0.802 6.575 -3.77 -4.114 -1.709 5.715 5.368 -1.998
3 D -5.221 -5.812 -1.037 7.361 -6.427 -4.672 0.959 -6.312 -2.579 -4.62 -7.758 -6.82 -3.655 -4.988 0.637 -3.089 -6.261 -1.205 -3.676 -6.422
4 E -0.981 -2.74 -0.082 1.673 -0.964 -1.428 2.22 -0.962 0.112 -1.678 0.469 -2.107 -1.274 -1.597 2.577 -1.483 -0.235 -1.305 -0.54 0.654
5 A 0.887 -0.627 -0.099 -1.692 -1.265 1.01 -1.552 -1.5 1.412 0.029 -0.575 -0.323 0.967 0.357 -0.478 0.156 1.214 -0.132 -1.085 1.057
6 V -1.206 -1.081 -1.041 -1.363 -1.415 -0.79 0.095 0.016 0.039 1.372 0.328 -0.725 -1.271 -0.814 1.907 -1.254 0.809 -1.645 -0.831 1.608
7 V 1.067 0.614 1.013 -1.952 -1.782 0.824 -0.241 -2.274 1.035 0.139 -1.681 -1.045 -1.814 -2.744 -1.844 0.453 1.024 -5.909 -1.384 2.507
8 E -1.628 -0.265 -0.823 -2.14 -0.823 0.483 2.121 -2.28 1.765 -0.822 0.272 0.305 0.036 1.059 -4.768 0.103 0.915 -0.521 1.599 -0.14
9 L -4.729 -6.843 -9.578 -7.678 -4.376 -8.483 -9.745 -8.637 -5.494 0.709 3.72 -7.769 4.966 5.15 -7.705 -8.646 -6.233 -0.009 -0.118 1.566
