Last position-specific scoring matrix computed, values are in halfbits
A R N D C Q E G H I L K M F P S T W Y V
1 G 0.479 2.111 -1.23 -2.779 -2.682 -0.678 -2.705 4.048 0.858 -2.081 -3.738 2.133 -3.034 -2.771 -3.916 0.22 -1.58 -3.836 -1.759 -1.747
2 Q -0.124 -0.603 -1.884 -2.104 -0.432 6.549 0.074 -2.44 -1.209 -3.651 -3.559 2.568 -1.48 -4.388 -3.649 -2.023 -2.176 -3.911 -3.076 -3.209
3 F 0.622 -2.558 0.047 -1.313 -2.124 -0.358 -2.36 -1.514 0.396 1.019 -0.006 -2.669 1.727 2.795 -0.512 -0.329 0.55 0.714 0.671 0.836
4 P 0.44 -1.362 -0.515 -1.532 -0.996 1.75 1.097 0.544 -2.326 -0.403 -0.493 -0.195 -1.399 -2.402 1.871 0.271 -0.426 -4.01 -2.144 0.655
5 I -0.459 -2.251 0.186 -0.709 -2.236 1.488 0.51 -0.512 0.82 2.084 -0.077 -2.064 0.515 -1.135 -1.244 -1.165 0.879 -3.628 -0.897 1.385
6 S 0.568 -0.899 -0.412 -0.279 -2.308 0.827 0.293 -0.339 1.688 0.62 -1.293 -0.133 -0.353 -2.976 1.26 0.729 0.323 -3.899 -1.264 0.213
7 V -0.433 -2.057 0.261 -0.347 -1.528 2.485 0.362 -1.803 0.881 0.824 -2.154 -2.162 -1.324 -1.406 0.779 0.109 1.397 -3.777 -0.927 1.785
8 A 2.081 -1.588 -0.9 -0.991 0.103 0.2 1.633 -0.23 -0.559 -2.407 -2.35 -1.129 -1.023 -1.865 -2.754 2.056 1.528 -3.813 -1.598 -0.223
9 L -3.174 -3.822 -4.985 -5.246 -1.791 -4.27 -4.934 -5.013 -3.882 0.506 5.551 -4.108 0.483 -0.778 -5.235 -4.786 -3.213 -3.232 -1.915 -0.521
