Last position-specific scoring matrix computed, values are in halfbits
A R N D C Q E G H I L K M F P S T W Y V
1 E -3.324 -5.646 -2.267 2.217 -3.095 -0.599 6.124 -4.822 -1.125 -3.256 -3.738 -4.929 -0.578 -1.718 -7.371 -0.849 -0.421 -3.426 -2.093 -4.037
2 V 2.332 -7.211 -5.968 -6.974 -5.175 -2.247 -6.949 -4.613 -7.213 1.621 0.559 -6.891 -1.342 -4.388 0.708 -1.162 1.0 -7.626 -6.051 4.7
3 A 2.342 -1.675 -0.418 -5.952 -4.082 -1.512 -4.46 -0.556 0.954 2.251 -2.367 -1.842 0.841 2.124 -2.656 0.373 -0.628 -1.755 0.826 1.618
4 G -0.254 -1.272 -0.362 1.631 -2.274 0.87 1.018 1.719 -0.503 -2.81 -2.012 0.195 -3.527 0.275 2.409 0.105 -1.542 -0.445 -1.288 -2.022
5 P 0.798 -1.31 -0.645 -1.678 -0.975 -0.553 -1.349 0.527 -0.013 0.16 -1.883 -0.66 -1.427 -1.293 3.394 0.494 -0.913 -0.479 -1.909 1.259
6 T -0.351 -1.446 -3.541 -4.34 -1.951 -3.279 -2.9 1.704 -1.065 0.567 -0.244 -1.739 0.846 0.814 0.213 1.413 2.482 -0.791 -2.062 0.84
7 A 1.114 0.354 -1.306 -3.567 0.219 0.006 -2.257 -0.336 1.201 0.369 0.405 -0.616 0.767 -1.804 -3.231 1.194 1.586 -3.605 -1.76 0.757
8 L 0.257 0.048 0.9 -3.459 0.082 1.539 0.816 0.614 0.823 -2.593 -0.247 0.354 -1.921 0.753 0.142 -0.146 -0.032 -4.039 -0.108 -0.76
9 R -5.925 7.615 -5.94 -6.935 -7.286 -4.987 -5.697 -7.434 -4.188 -6.246 -2.79 0.886 0.126 -0.688 -6.994 -6.456 -6.742 -7.168 -1.497 -4.811
