Last position-specific scoring matrix computed, values are in halfbits
A R N D C Q E G H I L K M F P S T W Y V
1 K -0.806 2.968 -5.308 -8.098 -5.967 -0.363 -5.469 -1.787 2.001 1.67 -0.191 3.972 -0.603 -2.288 -7.693 -1.214 -0.961 -9.306 -0.824 0.592
2 S 2.066 -8.574 -6.119 -8.407 -5.029 -5.593 -7.71 -3.736 -8.524 -2.65 -4.398 -7.23 -4.842 -7.495 -8.228 4.427 4.88 -9.765 -9.076 1.065
3 L 0.532 -0.878 -0.595 -1.479 0.833 -0.814 -3.98 -1.886 1.179 0.911 1.185 -0.242 0.929 1.506 -1.549 -0.345 -1.012 1.619 1.681 0.448
4 P -1.584 1.322 -0.523 0.731 -6.062 0.91 0.924 -0.833 0.443 -0.919 -1.837 1.956 -1.729 -2.98 2.772 -0.597 0.096 -4.316 -2.975 -0.756
5 L -1.536 -3.247 -0.13 -0.303 -1.847 -0.1 0.486 -0.98 0.481 1.818 1.332 -0.608 -0.659 1.133 -0.849 -1.7 -0.498 -1.196 -0.689 1.461
6 L -0.768 -0.677 0.548 -1.446 -1.942 1.956 -0.248 -2.205 1.799 0.81 0.517 -0.063 -0.766 0.013 0.294 -0.486 0.101 -1.229 -1.042 0.741
7 V -0.377 -3.59 0.229 -2.055 -2.934 1.138 1.107 -5.785 3.155 0.437 -0.861 -3.146 -1.198 0.881 1.745 -0.834 0.293 1.555 1.083 1.406
8 T -2.043 0.978 0.181 -4.31 -2.423 1.71 0.436 -2.762 2.081 -2.738 0.524 1.209 -0.86 -0.194 -7.501 0.4 2.543 -6.069 0.201 -0.11
9 F -9.461 -9.955 -10.422 -10.81 -8.493 -10.499 -10.67 -10.296 -8.517 1.238 2.215 -10.237 0.368 6.623 -11.654 -10.479 -9.467 8.187 0.303 -5.557
