Last position-specific scoring matrix computed, values are in halfbits
A R N D C Q E G H I L K M F P S T W Y V
1 F 1.008 -0.974 -2.471 -6.163 -4.89 -3.47 -5.521 0.37 0.191 -1.115 -1.177 -1.735 -2.022 4.388 -5.949 1.157 -1.085 -0.586 3.826 0.863
2 A 5.186 -5.727 -4.683 -5.9 -2.37 -0.451 -5.69 -0.382 -5.475 0.232 -0.683 -5.254 -1.927 -4.956 -6.18 1.01 -0.343 -6.508 -2.962 0.216
3 Y 0.798 -6.116 -3.161 0.428 0.458 -4.522 -5.477 -4.217 -0.342 2.186 -0.054 -4.776 -0.579 0.953 0.756 -1.058 -0.064 -3.591 4.703 1.385
4 P -0.224 -0.329 0.076 1.197 -2.495 0.045 0.394 1.941 0.754 -3.696 -3.064 -0.681 -2.689 -1.7 3.315 0.867 -0.829 -1.175 -1.744 -2.821
5 R -0.95 2.147 -0.2 -2.066 -2.281 -0.495 -1.752 0.986 3.783 -0.411 -0.656 0.625 -3.876 0.588 -2.331 -0.086 -0.55 -0.211 -0.604 0.663
6 V 0.439 -1.799 -4.202 -4.012 -1.083 -1.141 -1.699 -2.725 -0.085 2.474 -0.274 -3.085 -1.565 0.53 3.216 -1.917 -0.235 -3.298 -1.126 2.75
7 T -0.462 -3.387 -2.547 -5.147 -0.164 -1.718 -2.933 -3.602 -1.741 2.714 1.341 -4.198 -0.61 -2.339 -1.337 0.571 3.227 -3.842 -3.492 2.298
8 L -2.594 1.593 -0.728 -2.034 -0.893 0.298 0.381 -4.024 2.669 -2.525 1.055 0.877 0.416 2.088 -6.987 -0.868 -1.375 1.696 3.353 -0.956
9 L -5.466 -6.481 -7.59 -7.846 -4.435 -6.906 -7.563 -7.616 -6.545 -0.421 6.176 -6.744 0.107 -1.321 -7.869 -7.372 -5.402 -5.882 -5.205 -1.988
