Last position-specific scoring matrix computed, values are in halfbits
A R N D C Q E G H I L K M F P S T W Y V
1 A 2.233 1.97 -4.162 -5.807 -5.4 1.386 -3.466 0.403 0.732 -0.983 -0.595 0.905 -1.071 0.213 -6.477 0.345 -0.135 -0.009 1.733 -0.684
2 E -5.713 -4.913 -5.116 -2.235 -5.579 -1.575 7.471 -6.723 -4.411 -7.541 -7.487 -4.029 -6.53 -7.409 -4.889 -5.328 -6.085 -7.193 -6.703 -6.923
3 I 0.769 0.771 -2.054 -1.82 -2.23 -1.95 -4.962 -3.494 2.76 2.237 -0.408 -0.088 -0.855 2.94 -6.519 -1.855 -1.144 -0.224 3.048 0.801
4 E -0.582 -0.221 -0.713 1.524 -2.58 0.325 1.972 -0.689 -0.88 -0.605 -0.168 -0.494 -2.304 0.095 2.365 -0.838 -1.245 0.274 -1.289 -1.222
5 F -0.762 0.681 0.127 -0.786 -4.722 -0.616 -1.15 0.469 1.592 -1.068 -1.074 0.515 -2.206 3.229 1.951 -0.986 -0.454 0.787 -1.196 -1.041
6 F -1.345 0.215 -1.597 -4.647 -4.159 0.245 -2.234 -2.019 0.069 0.401 1.073 -0.989 -0.639 3.902 1.3 -1.334 -0.009 3.105 -1.246 0.15
7 L -0.358 0.785 -0.647 -2.691 -1.478 0.274 -0.737 -2.257 0.554 0.898 1.559 -0.597 -0.988 -2.94 2.007 -0.761 0.681 -1.505 -2.311 0.567
8 V 1.422 -0.766 -2.184 -3.236 -2.369 0.953 0.988 -1.306 -0.672 -1.162 -0.614 0.114 -1.838 -3.933 0.218 1.002 1.535 -7.096 -4.331 1.865
9 A 5.404 -6.054 -6.06 -6.653 2.39 -6.453 -6.049 -4.545 -6.306 -1.509 -2.966 -5.944 -4.205 -6.44 3.735 -3.012 -2.578 -0.539 -6.559 1.126
