Last position-specific scoring matrix computed, values are in halfbits
A R N D C Q E G H I L K M F P S T W Y V
1 A 2.46 3.072 -3.171 -5.814 -5.83 -0.673 -2.967 1.468 1.975 -2.466 -2.735 1.745 -1.578 -0.903 -6.707 1.249 -1.136 -1.63 -0.197 -2.125
2 E -5.796 -5.289 -5.414 -0.907 -7.511 -3.507 7.498 -6.266 -4.768 -7.875 -7.841 -4.494 -6.897 -7.74 -6.465 -5.539 -5.407 -7.543 -7.063 -7.265
3 F -0.471 -1.435 -0.883 -7.112 -0.732 -2.041 -4.665 -2.946 2.526 1.741 0.352 -0.804 1.642 3.675 -5.112 -1.836 0.009 2.495 2.302 1.079
4 E -0.38 -0.572 -0.467 0.589 -2.636 0.74 1.657 -0.314 -0.251 -0.243 -0.675 0.282 -2.309 -0.944 2.212 -0.446 -1.122 -0.855 -1.395 0.068
5 V -0.443 -0.123 -0.167 -0.857 -3.259 1.031 -0.183 0.362 1.473 0.628 -0.45 0.826 -0.561 1.554 -0.003 -1.584 -1.017 -0.417 -1.201 0.713
6 I -1.142 -1.172 -1.589 -2.649 -3.022 1.455 -1.345 -2.893 0.715 2.831 0.742 -0.57 0.089 1.515 1.35 -1.828 -1.05 0.172 -1.79 1.179
7 V -1.422 0.073 -1.116 -3.18 -1.316 -0.58 -0.247 -5.124 3.091 0.961 0.284 -0.144 -0.275 0.453 1.766 -2.242 0.082 2.349 0.644 1.601
8 A 1.478 0.547 -3.613 -3.37 -0.397 1.219 0.61 -1.982 -0.934 -0.872 -2.432 1.831 -2.302 -4.384 -0.02 1.149 1.245 -7.48 -4.702 1.529
9 A 5.176 -6.85 -5.431 -6.929 -4.143 -6.755 -6.757 -4.374 -6.673 -2.221 -5.196 -6.271 -5.701 -6.154 3.503 -1.806 -0.105 -7.81 -6.902 2.89
