Last position-specific scoring matrix computed, values are in halfbits
A R N D C Q E G H I L K M F P S T W Y V
1 F -0.14 -0.532 0.082 -6.485 -6.027 -1.792 -3.847 -3.163 1.084 1.478 -0.262 0.185 -0.242 3.007 -7.829 0.609 0.509 -2.745 2.575 1.545
2 A 3.578 -8.376 -3.737 -7.288 -2.006 1.906 -6.117 -1.035 -8.436 0.842 -0.281 -6.732 -0.395 -0.94 -6.765 1.569 1.319 0.138 -1.88 1.495
3 D -8.329 -9.116 -2.312 7.701 -10.164 -8.231 2.664 -8.48 -6.549 -7.577 -11.109 -7.714 -7.666 -10.667 -3.576 -6.689 -9.205 -6.578 -10.605 -10.492
4 E -1.234 -1.36 -0.586 2.094 -4.774 0.079 2.453 0.443 0.941 -1.242 -1.194 0.254 -3.348 -1.44 1.658 -0.253 -0.628 -1.321 -2.72 -0.641
5 P -0.049 -0.307 0.437 -0.064 -3.243 0.558 -0.114 0.754 1.851 -0.995 -1.321 0.105 -0.745 -1.314 1.925 -0.012 0.307 -4.159 -1.982 0.279
6 V -0.104 -0.739 0.799 -1.488 -3.155 0.266 0.233 0.24 1.038 0.459 -1.223 -0.421 -0.463 -1.117 1.897 -0.58 0.582 -3.344 -1.706 1.155
7 V 0.488 0.021 -0.875 -3.626 -2.948 0.154 -0.801 -3.247 1.914 0.705 -0.708 -1.956 -1.719 -1.956 -0.07 0.655 2.052 -3.503 -0.009 2.331
8 E -1.785 0.591 -0.49 -2.947 -2.734 0.933 1.584 -3.475 2.124 -0.787 0.195 1.104 -0.114 0.814 -5.981 0.108 0.894 -2.097 1.167 0.542
9 L -6.888 -8.219 -10.841 -11.132 -7.277 -9.894 -9.046 -9.667 -6.578 1.468 4.427 -8.929 3.832 3.953 -8.843 -9.189 -6.589 -2.741 -2.371 2.71
