Last position-specific scoring matrix computed, values are in halfbits
A R N D C Q E G H I L K M F P S T W Y V
1 T -0.721 -2.434 0.882 -1.318 -2.69 2.193 0.673 -3.11 4.09 -0.727 -3.315 -4.112 1.465 1.293 -8.416 0.718 2.459 -0.079 2.44 -2.51
2 H -7.646 0.841 -5.698 -6.625 -8.284 0.722 -5.027 -7.753 10.24 -7.521 -5.642 -4.605 -7.185 -7.055 -4.855 -6.426 -8.074 -7.593 -4.404 -8.789
3 D 0.491 -7.334 -1.128 4.009 2.149 0.031 0.124 -2.598 1.864 0.647 -1.831 -6.928 0.377 0.593 -8.409 1.632 -1.502 -2.808 -0.467 -0.741
4 D -0.611 -1.057 0.358 2.309 -3.627 0.818 1.444 0.211 0.538 -1.285 -1.351 -1.004 -1.711 -0.751 2.147 -0.01 -1.002 -1.557 -1.055 -1.189
5 L -0.952 -3.117 -0.827 0.914 -1.384 0.142 0.351 0.31 0.738 0.824 -0.107 -1.196 -0.287 0.769 -0.065 -0.174 0.375 -1.513 0.194 0.886
6 V -1.096 -2.297 -0.378 -0.192 -0.348 1.712 0.202 -0.163 0.26 1.514 -0.646 -1.372 -0.887 0.747 0.726 -0.719 -0.52 -4.02 -0.709 1.669
7 L -0.853 -4.021 -0.082 0.419 -0.595 2.456 1.017 -5.679 1.739 0.061 0.917 -3.654 -0.503 -0.596 0.126 -0.975 0.123 0.646 1.485 0.873
8 L -0.453 1.299 -0.718 -2.574 0.054 1.15 0.28 -2.067 1.019 -1.395 0.761 0.868 0.275 0.801 -5.837 0.253 0.247 -2.914 1.683 -0.323
9 L -7.285 -8.55 -9.222 -9.434 -6.396 -8.947 -9.405 -9.262 -8.043 4.339 4.466 -8.663 -0.133 3.894 -9.752 -8.55 -7.548 3.06 -4.469 -1.075
