Last position-specific scoring matrix computed, values are in halfbits
A R N D C Q E G H I L K M F P S T W Y V
1 D -5.882 -5.764 1.641 6.048 -3.255 -2.578 3.105 -6.132 0.939 -2.265 -3.208 -5.651 -0.939 -4.82 -7.745 -1.176 -2.036 -3.908 -1.673 -1.858
2 V 1.426 -7.227 0.381 -5.922 -2.624 -6.658 -7.529 -4.173 -6.124 1.084 0.276 -7.019 1.712 2.052 -1.78 -0.074 1.432 -1.217 3.544 2.46
3 L -1.115 1.258 1.45 -4.239 -0.344 2.049 -3.215 -4.245 0.494 0.189 1.187 1.938 1.073 1.622 -5.801 -1.992 -2.878 1.656 2.258 -1.315
4 E -0.245 0.398 0.345 1.594 -2.206 0.273 1.553 0.491 0.464 -1.592 -1.275 0.588 -1.678 -1.59 0.728 -0.156 -0.502 -2.019 -0.986 -0.847
5 P -2.624 1.605 -0.993 -2.685 -1.06 -1.112 -1.762 -2.004 2.247 1.383 -0.052 1.124 -2.013 0.871 2.762 -1.816 -1.701 2.104 0.295 0.246
6 I -1.674 -0.654 -1.781 -3.803 -1.255 -0.862 -1.232 -2.214 0.414 2.465 0.729 -0.311 -0.45 2.675 0.554 -1.35 -0.26 -0.228 0.957 1.025
7 V -0.02 -0.368 -0.832 -3.109 -0.97 0.165 -1.498 -3.928 2.735 1.681 -1.694 -1.432 -1.302 0.971 -3.385 -0.102 1.033 2.709 1.261 2.368
8 N -0.406 -1.094 2.054 -3.215 -0.142 1.482 0.749 0.174 2.068 -3.663 -0.265 0.041 -1.181 0.32 -0.157 -0.183 0.197 -1.431 1.299 -0.841
9 R -6.938 8.058 -5.912 -6.973 -7.657 -4.937 -5.975 -7.537 -2.747 -7.903 -5.777 0.121 -5.179 -7.868 -8.098 -6.837 -6.883 -7.686 -7.175 -6.398
