Last position-specific scoring matrix computed, values are in halfbits
A R N D C Q E G H I L K M F P S T W Y V
1 D -2.611 -2.366 0.839 6.056 -3.234 -0.726 1.499 -2.368 1.314 -2.548 -3.457 -1.742 -3.22 -2.403 -3.437 -0.939 -1.912 -4.046 -2.104 -3.428
2 E -0.187 -1.646 -1.694 0.218 -2.807 0.69 4.977 -0.516 -0.174 -2.42 -2.306 -0.975 -1.419 0.158 -3.236 -1.36 -1.129 -2.951 -0.237 -2.609
3 F -0.974 -0.191 0.393 -3.179 -2.136 -1.225 -3.069 -3.291 1.737 0.726 1.137 -0.328 -0.293 3.841 -4.35 -2.614 -2.115 3.332 3.102 0.079
4 E -0.401 -0.188 -2.023 -1.073 -2.023 0.74 2.414 -2.134 -0.831 1.037 0.774 0.556 -1.171 -2.36 0.943 -2.425 -0.728 -3.535 -2.739 1.257
5 F -2.305 1.148 1.995 -1.399 -2.304 0.887 -1.791 -2.253 2.469 0.43 0.015 0.303 -1.339 2.645 -3.943 -0.651 -1.039 -2.127 1.924 -0.063
6 P -1.465 0.572 -0.279 -2.025 -1.987 -0.32 -1.61 -3.188 -0.903 1.145 0.77 1.104 -0.491 -0.716 3.025 -2.593 -0.081 -3.211 -0.049 1.142
7 V -1.365 1.083 -0.208 -1.372 -2.048 0.821 1.766 -3.103 2.669 1.061 -0.33 -1.108 -1.294 -0.668 -3.721 -0.923 -0.129 -0.359 0.391 1.801
8 S 2.301 -0.529 -0.597 -1.315 -1.281 0.519 -0.06 -1.267 -1.818 -2.005 -2.337 -0.249 -1.991 -2.073 -2.042 2.621 1.832 -3.538 -2.783 -0.353
9 L -1.621 -3.204 -3.607 -4.185 -1.911 -3.537 -3.9 -3.928 2.049 0.39 2.62 -2.789 1.023 4.629 -4.709 -3.728 -2.89 -0.99 3.815 0.54
