Last position-specific scoring matrix computed, values are in halfbits
A R N D C Q E G H I L K M F P S T W Y V
1 E -0.705 -2.649 1.578 -0.565 -7.211 2.811 2.419 -1.335 4.352 -1.545 -5.248 -3.318 -1.196 -0.637 -7.879 0.996 2.002 -4.934 0.547 -3.03
2 H -5.445 4.297 -5.668 -7.24 -8.417 0.369 -6.322 -6.77 9.687 -8.203 -8.57 -5.282 -6.565 -7.439 -8.866 -6.536 -8.092 -7.847 -5.189 -8.847
3 S 0.895 -6.29 0.051 2.048 -1.532 0.807 -0.915 -1.818 3.086 0.658 -1.03 -5.997 0.442 1.156 -7.501 1.903 -0.689 -3.192 0.138 0.065
4 P -0.117 -0.659 0.062 1.713 -6.127 1.176 1.177 0.137 0.442 -1.398 -1.153 0.561 -1.534 -1.827 2.117 0.283 -0.48 -6.575 -2.811 -1.514
5 S 0.271 -2.101 -0.055 -0.427 -4.11 1.46 -0.556 0.243 0.637 -0.671 -0.164 -1.526 -0.788 -0.227 -0.041 1.058 1.032 -3.746 -0.192 0.724
6 V 0.126 -1.898 -0.213 -2.598 -5.709 1.249 -1.226 -0.6 1.866 1.466 -0.672 -0.523 -1.24 -0.905 0.764 0.643 0.732 -8.186 -1.404 1.601
7 V -0.076 -2.653 0.206 -1.425 -2.287 2.117 0.498 -5.205 3.093 0.222 0.093 -3.143 -0.326 -1.305 0.363 -0.596 0.875 -1.364 0.651 1.654
8 S 1.855 -1.033 -3.464 -3.229 -0.611 1.819 1.188 -2.591 0.411 -1.151 -2.256 0.03 -2.476 -4.066 -4.191 2.329 1.59 -8.396 -3.555 1.412
9 L -2.118 -8.383 -9.272 -9.522 -1.909 -8.69 -9.287 -9.173 -8.354 1.084 5.494 -8.011 2.663 -0.14 -9.133 -8.852 -4.755 -7.805 -6.996 1.432
