Last position-specific scoring matrix computed, values are in halfbits
A R N D C Q E G H I L K M F P S T W Y V
1 E -4.432 -4.016 -1.383 1.987 -5.373 -1.859 5.954 -3.965 1.611 -4.63 -5.626 -3.364 -0.647 -0.373 -5.598 -0.999 0.107 -1.991 -0.615 -5.031
2 V 1.255 -5.196 -4.801 -5.347 -3.275 -5.194 -4.267 -5.095 -5.399 0.154 -2.224 -4.511 -3.351 -4.482 -5.095 -1.061 4.745 -5.827 -5.038 4.596
3 L 0.776 -5.359 -0.625 -1.067 -3.533 -3.798 -4.375 -4.795 0.001 1.997 2.163 -4.434 2.806 3.263 -6.466 -0.962 -1.328 -1.346 1.31 0.919
4 P 0.081 0.076 0.39 1.603 -4.647 0.696 0.902 0.749 1.216 -2.776 -2.352 0.656 -1.507 -0.952 2.306 0.22 -0.852 -0.525 -2.599 -2.628
5 P -0.116 -1.053 -0.254 -1.391 -4.276 0.32 -1.273 -0.995 0.45 -0.48 -0.197 -0.318 -0.982 1.143 2.722 -0.256 -1.387 0.139 0.417 1.467
6 I -1.699 -1.629 -1.903 -3.884 -3.982 -0.017 -2.777 -2.561 -2.424 2.937 1.19 -1.367 0.58 2.982 -0.861 -1.259 0.717 -2.265 -1.884 1.893
7 P 0.825 -2.128 -1.576 -1.407 -3.237 0.839 0.765 -4.695 3.062 -0.322 -1.288 -2.356 -0.688 1.975 2.359 -0.845 -0.444 1.927 0.609 0.61
8 E 0.225 1.197 2.134 -3.934 -4.607 2.403 1.345 0.253 1.856 -4.819 -2.983 0.85 -1.957 -0.037 -2.941 0.672 -0.129 -5.223 0.753 -1.871
9 V -1.901 -4.752 -6.526 -6.735 -2.552 -6.075 -6.52 -6.455 -6.095 2.367 2.865 -5.844 0.698 -3.474 -6.78 -5.961 -4.338 -5.64 -4.749 5.543
