Last position-specific scoring matrix computed, values are in halfbits
A R N D C Q E G H I L K M F P S T W Y V
1 K -1.811 3.863 -4.02 -4.632 -4.857 -1.597 -3.737 -3.316 0.672 -0.494 -1.479 5.5 -1.84 -1.859 -4.894 -3.504 -3.384 -5.441 -1.579 -1.345
2 S 1.409 -3.965 -3.382 -4.087 -3.209 -4.261 -4.326 -3.033 -4.246 -2.76 -3.917 -3.944 -4.153 -5.062 -4.996 5.19 3.643 -5.795 -5.09 -0.792
3 L -2.11 1.17 0.161 -4.725 1.146 -1.128 -5.039 -5.483 -2.536 1.845 1.113 1.63 0.665 3.424 -6.286 -2.583 -0.469 0.355 2.395 -0.26
4 P -1.191 -0.109 -0.37 1.001 -2.423 1.384 0.899 -2.118 1.999 -1.469 -1.362 0.817 -2.167 -0.445 2.723 -1.203 0.236 -1.479 -0.846 -0.076
5 L -1.804 -2.164 -0.185 -1.522 -1.883 -0.262 -0.478 -0.763 0.504 2.32 1.179 0.237 -1.528 1.788 -1.699 -2.026 -0.298 -1.347 -0.55 1.532
6 L 0.533 -0.761 -0.323 -2.263 0.7 1.503 -1.045 -1.593 1.726 0.92 0.017 -0.208 -1.275 0.44 0.367 -0.661 0.331 -1.19 -0.949 0.97
7 R -2.622 4.803 -0.831 -2.78 -1.922 1.302 -1.232 -4.837 3.375 -1.11 -2.675 0.13 -3.35 1.067 0.244 -3.126 -2.206 2.902 1.05 -0.491
8 T -2.409 -0.496 0.458 -3.818 -1.583 0.392 -0.263 -3.789 1.718 -1.141 0.798 1.245 -1.227 0.432 -5.752 -0.446 3.177 -3.963 0.412 0.806
9 L -5.037 -5.876 -6.506 -6.76 -3.863 -6.256 -6.706 -6.579 -4.907 4.124 3.88 -5.989 0.141 3.778 -7.13 -6.425 -4.976 4.095 1.453 -1.721
