Last position-specific scoring matrix computed, values are in halfbits
A R N D C Q E G H I L K M F P S T W Y V
1 K 0.968 1.952 -1.923 -8.117 -6.206 0.791 -2.986 0.639 2.069 -0.958 -0.841 2.039 -0.21 -0.83 -7.468 0.935 0.582 -0.896 0.816 -0.868
2 E -8.298 -7.52 -4.36 -2.518 -10.499 -6.066 7.703 -8.062 -7.769 -10.82 -7.68 -6.979 -7.641 -10.643 -6.109 -7.352 -9.429 -10.505 -5.596 -10.245
3 E 0.483 -4.06 -0.06 1.537 -1.89 0.352 1.599 -2.312 2.022 0.597 -1.122 -1.011 0.599 0.722 -2.531 0.204 0.267 -0.788 -0.751 0.238
4 E -0.307 -0.102 -0.397 1.159 -4.303 1.204 1.583 0.001 0.786 -0.511 -0.639 0.298 -0.647 -0.516 0.842 -0.703 -0.803 -0.494 -1.791 -0.453
5 E -1.053 -1.105 0.337 1.095 -3.132 0.491 1.417 -0.149 1.506 0.08 -0.41 0.085 -1.146 -0.641 -0.078 -0.189 0.165 -3.283 -1.447 0.397
6 K -0.478 0.419 0.189 -0.273 -3.154 1.41 0.287 -0.931 1.34 0.321 -0.788 1.087 -1.061 -0.337 0.444 -0.348 0.142 -2.219 -1.078 0.175
7 V -0.541 -3.708 -1.012 -1.121 -1.777 1.385 1.557 -3.516 1.617 1.75 -0.463 -3.615 -1.523 -0.178 0.686 -0.93 0.884 -0.443 0.042 1.831
8 V 0.349 -0.054 -1.468 -2.071 -1.515 1.44 0.804 -2.685 0.882 0.152 0.144 0.796 -0.544 -0.521 -4.581 0.609 0.653 -3.049 -0.758 1.315
9 L -8.321 -6.156 -8.85 -10.642 -8.351 -10.671 -9.197 -9.922 -7.212 1.79 5.887 -6.485 1.341 -3.324 -7.43 -11.095 -6.072 2.694 -6.389 -0.891
