Last position-specific scoring matrix computed, values are in halfbits
A R N D C Q E G H I L K M F P S T W Y V
1 A 1.778 -1.818 -0.061 -3.233 0.637 -0.079 -2.884 -3.006 -0.797 0.967 -1.078 1.142 -1.203 0.465 -4.131 1.7 0.101 -3.476 1.176 1.136
2 A 5.321 -3.308 -2.472 -2.309 -1.433 -3.156 -3.139 -0.414 -3.051 -2.683 -3.313 -2.734 -2.808 -3.747 -3.489 1.32 0.447 -4.366 -3.706 -0.897
3 T 1.714 -2.73 0.927 -2.292 -2.095 2.075 -2.364 -2.731 -2.34 -0.793 -2.281 -2.405 -0.259 -2.162 -3.835 2.005 3.643 -3.696 0.738 -1.186
4 E -0.348 -2.388 0.84 2.414 -3.069 0.336 2.67 1.076 -0.814 -2.763 -4.159 -2.245 -2.477 -3.917 2.032 0.839 0.419 -4.58 -2.965 -2.058
5 V 0.232 -0.729 0.791 -1.867 -1.292 0.493 -0.739 -2.206 2.092 1.222 0.241 -1.207 -0.772 0.561 -4.532 -1.419 0.416 -3.1 2.334 1.568
6 V 0.796 -1.67 -1.337 -3.139 -0.717 0.27 -1.165 -3.3 -3.407 2.136 1.124 -2.038 -0.899 -1.564 0.349 -2.3 -0.541 -4.143 -2.477 3.455
7 K -2.484 3.712 1.601 -2.728 -3.729 1.007 -2.131 -3.444 4.174 -3.545 -1.389 4.23 -1.347 -3.498 -4.205 -2.708 -3.151 -3.892 -0.345 -2.829
8 E 0.471 -1.062 -0.864 -1.161 -2.577 2.623 1.879 -2.72 0.18 -0.888 -2.264 0.707 -0.911 -2.724 -3.956 1.06 1.84 -4.048 -1.362 0.777
9 L -3.056 -4.092 -4.735 -5.162 -2.244 -4.249 -4.819 -4.991 -2.486 1.31 2.876 -4.177 2.668 1.156 -5.328 -4.538 -3.18 -2.109 4.599 3.375
