Last position-specific scoring matrix computed, values are in halfbits
A R N D C Q E G H I L K M F P S T W Y V
1 F 0.244 -0.837 -0.298 -8.162 -7.215 -0.488 -6.63 -2.338 0.098 0.844 0.7 0.796 0.637 3.24 -8.923 0.168 -0.961 -1.101 3.413 0.514
2 L -2.999 -8.133 -9.412 -9.681 -6.64 -2.221 -9.42 -5.884 -8.711 2.571 4.943 -8.714 3.212 -5.349 -9.877 -5.153 -2.929 -8.412 -7.707 2.543
3 D -4.44 -7.452 -1.774 5.822 -8.071 -2.629 -1.936 -5.855 -1.957 -0.688 -2.102 -6.575 -1.235 -0.303 4.377 -3.279 -4.842 1.48 -1.068 -1.66
4 E -0.525 -2.108 0.452 3.27 -7.861 -0.217 3.243 -0.294 0.37 -3.128 -3.524 -1.164 -4.074 -3.55 2.34 -0.27 -0.878 -0.413 -2.952 -2.379
5 V -0.83 -2.054 -0.966 -1.326 -6.098 -0.655 -1.068 -2.372 0.716 2.478 0.509 -0.478 -0.649 1.234 0.59 -1.772 -0.82 -1.004 0.068 2.452
6 L -1.85 -3.273 -1.788 -3.377 -5.83 -0.613 -3.261 -3.497 0.082 2.453 1.722 -3.061 -0.408 2.985 0.319 -2.482 0.304 -0.359 1.736 1.891
7 V -0.408 -3.086 -0.425 -1.333 -7.322 0.411 0.368 -5.158 3.132 0.52 -0.3 -0.991 -0.915 0.542 1.926 -0.978 0.627 1.179 0.523 1.491
8 T -0.532 0.799 0.612 -3.087 -7.152 2.178 1.216 -0.601 2.353 -3.658 -0.972 0.991 -1.091 0.161 -4.336 0.232 1.495 -3.8 1.367 -1.487
9 L -2.237 -8.893 -9.592 -9.825 -6.543 -9.129 -9.612 -8.954 -6.857 1.645 4.199 -8.932 1.568 0.074 -9.907 -9.094 -5.772 -8.348 -6.372 4.805
