Last position-specific scoring matrix computed, values are in halfbits
A R N D C Q E G H I L K M F P S T W Y V
1 F -0.375 -1.631 -0.585 -5.154 -2.44 -2.806 -5.27 -4.637 0.903 2.075 0.065 -2.393 -0.428 3.754 -6.583 -0.031 -0.039 -4.384 2.936 2.358
2 A 3.001 -4.959 -4.686 -5.682 -3.773 -3.939 -5.225 -3.531 -4.715 1.335 -1.565 -5.19 -2.637 3.984 -6.123 -0.513 2.963 -0.455 1.445 1.046
3 D -4.347 -5.157 -2.849 7.284 -5.904 -3.942 1.005 -4.588 -4.224 -5.713 -6.465 -4.382 -6.196 -6.527 1.998 -4.676 -5.08 -7.12 -5.017 -6.316
4 P -1.202 -3.057 -0.906 1.521 -0.789 -1.536 1.887 -0.115 -1.045 0.224 0.027 -1.956 -2.095 0.456 2.809 -1.747 -0.798 -1.84 -0.946 0.629
5 V -0.129 -0.174 -0.886 -1.564 -1.026 -0.184 -0.696 0.03 2.055 0.863 0.074 -0.547 -1.354 0.25 0.476 -1.146 -0.277 -2.138 -0.109 1.845
6 V -1.079 -1.813 -2.669 -3.146 -0.191 -1.243 -0.536 -0.624 -1.051 2.361 0.287 -1.487 -1.722 -1.631 3.229 -2.044 -0.242 -5.987 -2.403 2.587
7 V 0.28 -0.861 -0.42 -2.627 0.195 -1.707 -1.15 -2.695 1.123 1.322 -0.431 -3.297 -0.639 -2.113 -1.971 -0.02 1.595 -2.621 -0.472 3.479
8 L -1.885 0.293 -0.434 -2.938 -0.014 -0.271 0.371 -3.0 2.68 -1.449 1.182 0.213 0.264 1.957 -5.037 -1.003 -0.34 1.852 2.704 0.492
9 L -5.18 -5.409 -6.741 -6.211 -4.066 -6.431 -6.887 -6.812 -5.448 1.132 4.325 -5.66 2.757 4.77 -7.389 -6.593 -5.217 -0.423 -1.845 1.53
