Last position-specific scoring matrix computed, values are in halfbits
A R N D C Q E G H I L K M F P S T W Y V
1 V -0.437 1.591 -0.102 -5.354 -1.745 -0.951 -1.838 -4.638 -0.421 2.068 -0.428 0.727 -2.865 -1.361 -0.671 -0.641 -0.001 -6.219 2.066 2.569
2 Y -5.951 -6.837 -7.107 -7.825 -6.199 -7.09 -7.441 -6.521 -3.544 -4.383 -1.995 -7.02 -1.218 5.969 -8.404 -6.864 -6.832 2.198 7.924 -5.089
3 I -1.664 -3.648 -0.408 -2.012 0.17 -0.022 -3.258 -2.311 1.886 2.342 0.835 -0.821 0.745 -0.631 1.874 -0.024 1.716 -2.048 -1.49 0.113
4 P -1.192 -1.866 0.639 2.359 -3.543 -0.428 0.965 -0.729 1.757 -1.505 -1.602 0.173 -2.373 -1.574 3.297 0.013 -0.492 -1.215 -1.121 -1.895
5 V -1.389 -0.359 0.944 -0.565 -2.18 -0.075 -2.096 -0.652 2.666 0.863 -1.413 1.097 -3.067 0.476 -0.611 -0.276 0.642 -1.319 0.567 1.523
6 P -0.199 -0.289 -1.781 -3.514 -2.19 0.333 -4.57 -0.409 3.992 -1.209 -1.073 -1.256 -1.935 2.961 2.837 -0.493 0.042 -2.807 -0.337 0.488
7 L -0.322 -3.725 0.816 -1.073 -1.832 0.808 -0.081 -5.085 3.764 -0.774 1.151 -2.584 -1.693 1.835 0.997 -1.31 -1.796 0.017 2.548 0.194
8 L -2.548 0.586 -0.688 -4.93 -1.623 0.598 -0.034 -3.89 2.326 -1.548 1.356 1.593 -1.149 -0.002 -6.469 -0.792 2.436 -4.598 0.987 0.813
9 F -6.668 -7.362 -7.746 -8.084 -5.566 -8.006 -8.102 -7.717 -6.072 2.223 2.787 -7.626 -3.564 7.043 -8.81 -7.777 -6.651 5.034 -2.615 -3.455
