Last position-specific scoring matrix computed, values are in halfbits
A R N D C Q E G H I L K M F P S T W Y V
1 D -5.485 -6.384 -0.963 4.321 -6.08 -1.992 -1.661 -8.093 0.421 0.737 1.886 -6.715 2.084 0.71 -9.312 -2.447 -0.449 -4.087 2.483 1.366
2 P 4.238 -8.287 -8.192 -6.601 -3.167 -5.09 -7.324 -1.068 -7.006 -5.395 -7.101 -7.512 -3.392 -7.461 6.767 -3.852 -5.56 -9.865 -8.713 -3.576
3 Y -0.169 -0.073 0.386 -2.694 -2.12 -2.684 -2.951 -5.149 1.088 -0.862 0.566 -1.524 0.554 2.817 1.265 -1.547 -2.53 1.864 4.865 -0.903
4 P -0.049 -1.157 -0.299 0.568 -4.871 0.685 1.401 -0.379 1.078 -0.785 -0.831 -0.471 -1.332 -2.303 2.994 0.526 -0.295 -2.297 -3.101 -1.091
5 P -0.575 -0.452 -0.489 -1.443 -2.648 1.51 -1.191 0.18 1.717 -0.141 -1.321 -0.482 -1.43 0.462 1.986 0.475 0.193 -1.484 -0.942 0.995
6 V -0.424 -1.111 -1.558 -2.54 -2.641 1.365 -2.269 -0.936 0.279 1.658 0.276 -0.749 0.26 0.934 1.196 -0.088 0.15 -1.769 -0.758 1.446
7 P -0.865 1.003 0.96 -3.442 -2.672 0.825 -1.712 -4.701 1.543 0.312 0.693 -0.478 -0.13 -2.544 2.615 0.204 0.623 -4.596 -2.612 0.801
8 T -1.369 -0.502 0.065 -5.529 -2.062 0.765 0.172 -3.706 0.929 -1.134 -0.142 0.486 -1.386 -1.848 -4.39 1.361 3.398 -6.097 -0.495 1.291
9 I -5.582 -7.758 -8.091 -8.91 -5.075 -8.46 -9.694 -8.555 -9.109 5.722 -0.329 -8.957 -0.787 -3.388 -7.296 -9.108 -5.715 -8.624 -4.696 5.33
