Last position-specific scoring matrix computed, values are in halfbits
A R N D C Q E G H I L K M F P S T W Y V
1 A 4.057 -0.541 -0.91 -4.837 -0.897 2.294 2.705 -2.44 -0.952 -6.85 -4.97 -1.129 0.868 -5.769 -6.871 1.995 -2.018 -7.898 -5.63 -4.175
2 E -4.506 -5.078 -5.267 -3.933 -7.908 -4.268 7.59 -7.405 -5.209 -8.227 -7.217 -4.73 -7.287 -8.15 -5.494 -6.36 -6.862 -7.966 -7.479 -6.358
3 A 1.03 -0.919 1.31 -0.454 -1.389 2.642 1.369 -1.796 2.58 0.195 -1.723 0.725 1.596 -3.206 -5.902 0.213 -0.845 -4.248 -0.424 -1.995
4 P 0.182 -0.385 -0.655 1.047 -4.063 0.617 1.868 0.288 -1.369 -1.629 -1.716 0.164 -1.31 -1.118 2.867 -0.106 -1.504 -0.95 -1.951 -1.017
5 P -0.355 0.207 0.336 -0.314 -4.287 0.257 -0.45 0.525 2.201 -1.097 -1.895 0.606 -1.522 1.372 2.033 -0.327 -0.131 0.651 -1.041 -0.788
6 L -0.009 -1.172 -0.111 -3.085 -2.19 0.946 -1.983 -0.84 0.749 0.896 0.01 -0.675 -0.015 1.585 0.045 0.142 1.05 1.456 -1.267 0.917
7 V 0.227 -0.359 -1.186 -3.01 -2.14 0.242 -0.408 -5.164 3.141 0.822 -0.028 -0.726 0.168 0.253 2.056 -1.697 -0.727 0.723 1.262 1.344
8 A 1.729 -0.692 -2.268 -3.681 -0.678 1.631 1.169 -1.306 -1.657 -0.408 -2.049 0.265 -0.904 -5.153 -0.286 1.069 1.516 -7.641 -4.791 1.584
9 A 5.647 -5.313 -6.315 -7.356 -0.652 -7.156 -7.136 -4.848 -7.03 -2.08 -4.322 -6.631 -5.033 -6.208 3.882 -2.557 -2.686 -8.297 -7.4 1.306
