Last position-specific scoring matrix computed, values are in halfbits
A R N D C Q E G H I L K M F P S T W Y V
1 S 1.586 3.131 -1.797 -8.625 -2.709 -0.276 -6.069 -0.947 0.647 -0.528 -0.223 0.905 -0.628 -1.406 -6.803 2.182 -0.095 -3.184 -0.839 -0.269
2 P -0.949 -5.338 -7.138 -10.059 -7.308 -5.774 -8.478 -7.097 -8.264 -2.268 -3.981 -8.578 -6.991 -9.052 7.925 -6.433 -4.951 -6.531 -8.084 0.146
3 R 1.48 4.128 -0.324 -1.53 -3.23 0.855 -2.119 -1.341 1.535 -1.095 -2.064 0.669 0.897 -1.701 -2.919 0.485 -1.464 -0.964 -0.966 -2.16
4 P 0.124 -0.285 -0.155 -0.513 -5.28 0.856 0.489 0.26 0.237 -1.972 -0.387 0.493 -1.461 -1.274 2.65 0.762 -0.577 -0.406 -1.418 -1.45
5 P -0.144 1.961 -0.576 -2.304 -6.143 -0.032 -1.924 0.181 1.204 -0.904 -1.715 0.595 -3.302 -1.121 3.256 0.129 -0.047 -1.212 -2.449 0.45
6 R -0.07 2.728 -0.835 -2.806 -5.147 -0.255 -3.206 1.11 1.14 -0.433 -0.971 -0.156 -1.066 -0.241 0.992 0.648 0.946 -1.332 -2.346 -0.374
7 S 0.538 0.395 0.056 -2.906 -4.47 1.078 -1.212 -1.104 0.511 -0.206 0.366 -0.789 -0.233 -4.055 1.166 1.303 1.259 -3.543 -3.627 0.654
8 S 1.827 -1.125 -2.45 -3.426 -1.936 1.065 0.59 -1.046 -0.964 -1.599 -1.608 -1.132 -1.268 -2.654 -1.037 2.453 1.57 -3.648 -2.533 1.284
9 L -2.675 -6.619 -9.406 -11.559 -3.343 -6.572 -10.134 -8.623 -3.819 0.796 5.218 -7.189 3.169 2.391 -2.983 -7.507 -4.902 -4.464 -7.505 0.877
