Last position-specific scoring matrix computed, values are in halfbits
A R N D C Q E G H I L K M F P S T W Y V
1 R 2.16 3.943 -4.817 -6.182 -2.293 -0.074 -5.915 -0.224 -0.29 -1.161 -4.028 2.667 -2.941 -4.908 -7.503 1.766 -0.517 -7.967 -4.186 -0.046
2 V -0.82 -7.071 -4.523 -7.418 -4.149 1.789 -6.231 -1.221 -6.492 -0.083 0.568 -6.845 -0.663 -0.337 -8.18 1.472 3.145 -4.53 2.698 2.986
3 K -1.559 0.289 2.213 -4.252 -6.812 2.194 -5.763 -3.038 0.541 -0.161 0.403 2.962 0.303 1.955 -4.256 -1.65 -2.41 1.881 2.489 -2.12
4 P -0.422 -1.297 -0.138 1.111 -6.61 0.693 1.072 0.239 -1.554 -1.301 -0.996 -0.331 -4.11 -2.423 2.759 0.834 0.038 -2.012 -0.942 -0.36
5 P -1.458 0.916 -0.856 -2.267 -5.561 -0.252 -2.444 -0.687 0.609 1.19 -0.835 0.884 -2.921 1.651 2.537 -0.545 -1.444 1.757 0.048 0.949
6 L -1.286 -0.521 -2.102 -5.824 -3.634 0.162 -2.609 -1.788 1.249 2.015 1.39 -0.689 -1.146 2.817 0.652 -1.674 -0.303 -0.54 1.062 0.842
7 V 0.125 -0.339 -0.545 -5.205 -2.499 1.146 -2.108 -4.651 2.112 1.585 -1.226 -1.015 -2.341 1.615 -3.532 0.174 0.631 1.395 0.535 2.69
8 N -0.465 -1.037 2.673 -4.835 -3.52 2.023 0.591 -0.276 2.305 -4.126 -0.112 0.183 -2.905 -0.761 -0.4 0.392 0.064 -3.065 1.616 -0.885
9 R -7.207 8.078 -6.2 -7.262 -7.901 -4.93 -6.265 -7.813 -4.132 -7.114 -6.289 -0.454 -3.763 -7.272 -8.385 -7.117 -7.148 -1.63 -4.791 -6.066
