Last position-specific scoring matrix computed, values are in halfbits
A R N D C Q E G H I L K M F P S T W Y V
1 F 0.888 -0.045 -0.115 -8.107 -1.971 -1.133 -5.616 -5.031 -0.202 -0.178 -0.969 0.856 0.727 4.029 -9.55 0.525 -0.792 -3.259 3.547 0.618
2 A 5.519 -7.273 -5.496 -8.343 -0.427 -0.463 -8.17 -1.281 -8.019 -1.366 -3.134 -7.746 -1.565 -3.278 -7.004 1.666 1.461 -3.384 -6.713 -1.188
3 F 1.272 -4.098 -2.045 -7.211 -1.689 -2.641 -7.375 -4.906 -0.988 1.688 -3.507 -1.405 -0.144 4.209 -2.47 0.948 -0.951 -1.379 4.753 0.701
4 P -0.939 -4.832 0.188 2.627 -4.497 -0.633 1.489 1.012 1.268 -4.604 -3.387 -2.869 -2.866 -1.65 4.392 0.323 -1.561 -0.031 -1.644 -3.878
5 L -1.769 0.692 0.089 -2.737 -2.786 -0.857 -2.053 0.165 3.727 1.462 0.176 0.62 -1.184 2.334 -3.979 -1.722 -1.797 2.236 1.223 0.221
6 V -0.014 -1.542 -3.992 -5.384 -0.298 -0.837 -2.177 -4.228 0.542 3.096 -0.1 -3.066 -2.107 -0.336 2.77 -2.702 0.398 -2.452 -2.058 3.038
7 V -3.046 1.84 -1.193 -7.579 -1.975 1.337 -4.374 -6.595 2.362 2.151 1.002 1.15 1.115 -0.295 -1.123 -0.793 -1.237 0.374 -2.887 2.063
8 V -2.954 0.153 -2.977 -4.938 -1.364 1.046 1.008 -5.189 0.401 1.568 -0.895 0.407 -0.495 -0.324 -7.572 -0.256 1.99 -2.514 1.713 2.556
9 L -2.071 -6.006 -9.471 -9.941 -0.554 -9.15 -9.641 -9.623 -0.748 0.838 2.687 -8.148 3.149 2.499 -6.889 -7.831 -4.022 2.064 5.156 3.099
