Last position-specific scoring matrix computed, values are in halfbits
A R N D C Q E G H I L K M F P S T W Y V
1 F 1.303 -0.284 0.325 -6.882 -3.516 -2.997 -6.336 -5.483 -0.332 0.415 -1.217 0.135 0.021 3.667 -7.285 0.957 -0.488 -5.593 3.101 1.635
2 A 5.588 -6.713 -4.965 -6.808 -4.833 -2.465 -6.64 -2.147 -6.509 0.836 -3.098 -5.859 -4.983 -6.647 -2.305 1.21 -0.26 -7.629 -6.898 0.714
3 D 0.891 -6.822 -2.185 3.49 3.285 -1.848 -2.191 -4.992 2.789 1.632 -1.17 -6.113 0.2 0.45 -0.926 -0.469 -1.323 -1.9 0.812 1.016
4 D -0.556 -2.021 -0.657 3.155 -1.702 -0.708 2.124 0.939 1.242 -3.539 -2.197 -2.16 -4.632 -1.883 2.772 -0.287 -1.141 -0.62 -0.743 -1.938
5 V -0.378 -2.779 -0.917 1.238 -1.092 -0.031 -0.72 -0.652 1.673 1.148 -0.109 -2.469 -0.878 -0.462 2.283 -1.121 0.183 -4.847 -1.516 1.545
6 F -0.757 -1.07 -0.97 -0.933 -0.525 0.004 -0.762 -0.13 1.98 0.443 -0.289 -1.613 -0.549 2.929 0.657 -0.603 0.449 -2.098 0.749 0.206
7 L -0.827 -1.652 -1.039 0.305 0.486 0.793 1.304 -4.57 4.006 0.477 0.691 -2.937 -0.484 -1.062 0.499 -0.985 0.4 -3.851 -0.822 0.867
8 E 2.011 -2.526 -2.126 -3.13 0.022 -0.129 2.915 -5.164 -0.3 -1.154 -2.786 -1.947 -3.228 -2.346 -1.409 1.344 1.796 -5.455 -1.278 1.795
9 L -1.597 -7.381 -8.345 -8.591 -5.277 -6.95 -8.303 -8.203 -6.256 -0.434 5.787 -7.542 1.238 -2.763 -7.732 -7.66 -5.162 -6.936 -6.244 1.46
