Last position-specific scoring matrix computed, values are in halfbits
A R N D C Q E G H I L K M F P S T W Y V
1 S 1.332 1.376 -0.022 -7.94 -6.435 -0.021 -4.584 -0.486 1.197 -0.549 -2.123 1.881 -0.889 1.715 -9.028 1.595 0.249 -4.585 1.766 -0.602
2 V -0.213 -7.815 -8.331 -8.664 -5.135 4.574 -7.55 -5.098 -7.962 2.099 1.949 -7.626 0.483 -6.876 -7.474 -3.85 1.529 -8.833 -8.024 3.796
3 I 0.085 -4.336 -3.617 -0.135 -1.004 -1.517 -4.223 -5.756 0.279 3.181 1.7 -5.559 1.816 0.043 1.912 -3.142 -0.565 -0.334 0.051 1.675
4 E -1.992 -1.669 -0.316 3.484 -5.913 0.068 3.584 0.165 -0.234 -4.844 -5.146 0.137 -3.964 -4.116 2.605 -0.667 -0.896 -3.421 -3.403 -3.317
5 K -0.97 -0.295 0.483 0.477 -3.673 0.193 1.298 -0.566 2.941 0.189 -1.128 1.598 -1.982 -0.71 -2.274 -1.32 -0.251 -1.461 -0.258 0.895
6 L -2.37 -3.263 -1.995 -1.788 -2.236 -1.856 -3.255 -5.308 -1.941 2.909 2.715 -4.785 0.25 3.62 -2.725 -3.57 -0.738 -3.477 -2.432 2.374
7 P -1.408 -1.337 -0.778 -1.564 -2.091 1.282 1.264 -7.627 3.859 0.78 -1.351 -1.197 -0.838 0.227 2.442 -2.093 -0.152 1.098 0.559 1.244
8 K -0.462 1.562 0.431 -3.318 -0.649 2.537 1.869 -0.306 1.79 -6.029 -3.182 2.44 -2.971 -2.424 -5.009 0.603 1.25 -8.669 -0.376 -2.716
9 V -0.231 -9.057 -9.639 -9.839 -4.63 -9.234 -9.632 -8.883 -9.209 2.133 3.315 -8.991 -1.626 -5.272 -9.868 -7.864 -5.105 -8.805 -7.927 5.617
