Last position-specific scoring matrix computed, values are in halfbits
A R N D C Q E G H I L K M F P S T W Y V
1 E -2.628 -2.576 0.193 2.802 -6.589 0.796 2.475 -6.326 2.787 -0.697 -0.935 -4.419 0.988 2.057 -8.518 -1.287 0.415 -0.298 2.582 -1.197
2 L 0.748 -2.641 -1.577 -8.075 -4.51 -0.571 -4.368 -1.228 -6.116 2.247 3.153 -6.509 2.883 -1.488 2.59 -1.885 -3.545 -9.713 -7.273 0.504
3 K -2.316 2.589 0.148 -4.497 -5.281 -0.214 -3.944 -4.105 2.805 -0.538 0.634 4.586 1.97 -1.071 -3.735 -3.016 -4.869 -1.19 0.715 -3.406
4 K -1.474 0.951 -1.204 -2.122 -5.286 1.955 1.858 -3.239 -0.602 0.558 0.756 2.216 -0.164 -3.1 0.198 -0.877 -0.483 -3.998 -3.084 -0.202
5 R -4.399 5.816 -3.709 -4.956 -9.07 -1.417 -4.083 -5.853 1.047 -3.192 -2.675 5.143 -3.909 -3.496 -6.477 -5.233 -4.369 -4.588 -2.411 -3.572
6 V 0.149 -0.633 -0.732 -2.854 -4.707 0.057 -0.719 -2.183 0.284 1.769 0.456 0.937 -1.223 0.503 0.261 -1.008 -0.044 -1.013 -0.027 1.513
7 L -0.273 -2.058 -0.557 -1.746 -3.205 1.639 0.921 -5.327 1.498 1.26 1.17 -0.627 0.922 -0.655 -4.24 -0.518 -0.453 1.295 0.696 1.368
8 S 2.787 -2.988 -2.112 -2.341 -2.101 1.417 1.902 -2.977 -1.458 -3.126 -4.183 -2.642 -3.132 -4.213 -2.865 3.564 1.001 -4.0 -2.726 -0.354
9 L -2.139 -8.799 -10.619 -10.137 -1.871 -8.052 -10.673 -10.556 -5.114 1.351 5.267 -9.307 2.951 1.422 -11.033 -9.769 -4.345 -5.865 -5.575 1.556
