Last position-specific scoring matrix computed, values are in halfbits
A R N D C Q E G H I L K M F P S T W Y V
1 S 0.972 0.59 -0.101 -7.021 -4.738 -0.096 -4.255 -0.111 0.557 -0.158 -1.203 1.581 -0.299 1.934 -9.222 1.755 -0.042 -3.845 2.229 -0.808
2 V -0.602 -4.325 -7.741 -8.245 -4.569 4.302 -8.454 -5.828 -7.253 2.383 1.92 -6.956 -0.365 -7.717 -8.397 -5.068 1.654 -9.305 -8.488 4.029
3 I 2.475 -2.696 -1.907 -5.901 0.201 -4.25 -4.036 -4.036 -2.03 3.34 -3.695 -0.033 0.541 1.113 1.765 0.356 -1.103 -8.992 -0.238 1.318
4 E -0.904 -1.971 -0.321 3.494 -5.668 0.331 3.603 0.509 -0.174 -4.534 -5.487 -0.049 -4.924 -4.94 2.031 -0.242 -1.273 -4.032 -3.854 -3.538
5 I -1.418 -1.357 -0.666 -0.134 -2.847 -0.02 0.575 -0.572 2.137 2.099 0.687 0.659 -1.445 0.817 -3.601 -1.18 -0.385 -2.679 -0.06 0.568
6 I -1.03 -3.083 -0.285 -2.117 1.415 -1.469 -3.177 -4.715 -2.083 3.933 1.942 -4.314 0.288 -0.74 -4.716 -1.768 -0.024 -3.61 -1.12 2.526
7 E -0.31 -1.509 1.429 1.216 -1.845 2.585 2.456 -7.03 4.509 -1.274 -3.122 -1.999 -4.193 -2.103 -1.058 -1.162 0.428 -1.699 -0.438 0.242
8 E 0.09 1.6 0.002 -4.094 -0.228 2.468 2.028 -1.146 1.712 -5.534 -1.788 2.183 -2.814 -1.063 -5.213 0.216 1.055 -7.322 0.233 -3.058
9 L 0.983 -9.397 -10.128 -10.322 -2.043 -9.639 -10.082 -9.701 -8.29 1.497 4.891 -8.905 -2.388 -6.047 -10.322 -7.421 -6.702 -9.115 -8.038 3.701
