Last position-specific scoring matrix computed, values are in halfbits
A R N D C Q E G H I L K M F P S T W Y V
1 F 0.702 -0.86 1.593 -6.272 -1.362 -1.599 -4.825 -2.856 1.664 -0.294 -2.391 0.343 -0.474 3.426 -7.479 0.72 -0.598 -2.661 3.998 0.608
2 R -5.29 6.674 -5.743 -6.729 -6.875 -4.552 -5.81 -7.123 -1.272 -6.641 -5.307 0.8 -5.086 -2.693 -6.915 -5.859 -6.46 -3.82 6.101 -5.663
3 P -0.461 0.086 2.039 -3.281 -3.087 -0.102 -4.75 -1.09 2.044 -1.294 -2.267 0.131 -0.164 1.02 3.97 0.237 -1.638 -2.229 0.098 -0.357
4 P -1.031 -4.141 0.024 3.075 -2.944 -0.532 2.157 0.392 0.387 -2.683 -1.713 -3.042 -4.596 -1.721 3.865 -1.361 -0.926 -1.247 -1.976 -1.652
5 V -0.978 -0.559 -0.437 -1.991 -0.497 -0.258 -1.844 -1.704 1.955 0.003 -0.279 -0.978 -1.289 2.534 -0.397 -0.962 0.142 -0.152 3.046 1.635
6 V 0.515 -3.181 -2.38 -3.186 0.607 0.088 -1.53 -1.373 1.215 1.715 -1.059 -2.483 -2.257 0.443 2.483 -0.933 0.458 -1.945 0.925 2.207
7 Y -2.996 -0.264 -1.27 -2.163 -1.388 0.27 -0.175 -5.019 2.111 1.515 0.331 -3.029 -0.135 2.111 -1.896 -1.533 0.064 2.525 3.639 1.223
8 E -1.125 -1.798 -0.962 -2.776 0.22 0.331 2.725 -3.909 0.844 1.009 -1.645 -1.288 -0.742 -1.338 -3.577 1.014 1.565 -5.794 -1.104 2.192
9 L -4.949 -5.157 -6.756 -7.281 -4.66 -6.457 -7.683 -7.832 -2.247 -2.967 3.757 -5.464 2.267 4.453 -7.499 -6.862 -5.827 -2.694 6.257 -2.88
