Last position-specific scoring matrix computed, values are in halfbits
A R N D C Q E G H I L K M F P S T W Y V
1 F -1.386 -3.053 -2.269 -6.67 -0.835 -4.685 -6.138 -4.131 -0.833 0.128 0.508 -3.042 0.009 5.803 -7.493 -0.311 -1.936 -1.213 4.313 0.552
2 A 5.231 -5.802 -3.72 -5.928 -2.07 -2.313 -5.775 -2.48 -5.584 1.195 -0.987 -5.321 -3.83 -2.67 -6.163 1.151 -0.36 -6.54 -5.755 0.9
3 I 0.007 0.157 1.239 -3.699 -3.948 -1.54 -4.008 -4.41 1.761 2.079 -0.134 -2.029 1.812 2.258 -0.132 -1.325 -1.538 -1.059 3.528 0.29
4 P -1.512 -3.815 -0.953 2.547 -5.39 -1.811 1.232 0.384 0.481 -0.986 -1.287 -2.106 -1.914 -0.691 4.098 -0.962 -1.252 0.253 -0.651 -0.792
5 F -0.359 0.435 -0.218 -1.707 -4.08 -1.59 -2.53 -0.103 3.394 -0.753 -1.901 -0.374 -2.084 3.088 1.922 -0.852 -1.82 0.544 0.584 1.233
6 L -0.557 -0.502 -2.431 -3.338 -3.869 -1.424 -3.222 0.507 0.647 0.838 1.141 -1.615 -0.26 3.23 0.266 -0.184 0.911 -2.617 -0.165 0.085
7 L -0.718 0.866 -0.096 -2.894 -3.112 0.56 -1.071 -2.868 1.362 0.417 2.113 -1.399 1.019 -1.279 -0.198 -0.24 0.74 -6.147 -1.287 0.698
8 E 1.927 -3.873 -2.347 -2.455 -4.731 0.175 2.97 -3.549 -0.903 -0.462 -2.506 -2.53 -2.525 -1.335 -0.262 1.387 1.14 -5.151 -0.269 1.521
9 L -3.722 -6.395 -6.899 -7.422 -4.954 -6.687 -7.144 -7.167 0.26 -0.755 3.47 -6.071 2.974 5.054 -7.858 -6.446 -5.519 -2.604 4.905 -0.257
