Last position-specific scoring matrix computed, values are in halfbits
A R N D C Q E G H I L K M F P S T W Y V
1 E -4.499 -4.514 0.372 1.952 -6.746 -0.583 4.949 -5.535 3.051 -2.932 -3.289 -4.845 1.537 0.491 -7.52 -0.282 0.753 -4.229 0.978 -4.164
2 T 1.467 -6.894 -4.475 -6.996 -4.33 -4.588 -7.1 -5.268 -5.566 0.99 -1.558 -6.213 -4.836 -6.227 -4.162 0.669 4.726 -7.579 -6.802 4.099
3 A 3.349 -5.614 -3.077 -6.264 -4.539 -3.43 -5.897 -3.351 -1.095 1.356 -4.381 -4.042 0.584 3.178 -2.31 2.104 0.775 -4.108 0.714 1.221
4 D -0.379 -1.272 0.805 3.034 -6.508 0.257 1.213 0.573 1.782 -3.785 -3.906 -0.729 -3.415 0.6 1.817 0.764 -2.229 -0.727 0.086 -3.03
5 I -2.269 -3.364 -1.031 -2.61 -5.728 -2.373 -3.252 -2.197 0.547 4.381 0.471 -0.662 -1.263 1.636 -1.002 -3.179 -2.494 -0.827 -1.139 2.877
6 I -1.065 -2.123 -0.548 -4.345 -5.286 -0.03 -3.461 -2.777 1.485 3.171 0.547 -2.073 -0.597 2.271 0.428 -1.843 0.336 -0.164 -1.216 2.06
7 A 0.911 -1.225 0.064 -1.336 -6.102 1.09 1.215 -5.664 4.375 0.152 -2.185 -1.06 -0.891 0.871 -1.749 -0.79 0.136 0.837 1.089 0.958
8 K -0.681 1.46 0.93 -3.631 -5.295 2.245 0.795 -0.393 3.19 -3.909 -1.522 2.058 -1.644 -0.203 -3.375 -0.395 0.565 -2.61 0.992 -1.775
9 V -0.809 -6.542 -7.425 -8.422 -4.393 -7.821 -8.244 -8.057 -7.738 2.823 3.305 -7.063 -0.483 -2.837 -8.489 -7.183 -4.379 -7.309 -5.793 5.25
