Last position-specific scoring matrix computed, values are in halfbits
A R N D C Q E G H I L K M F P S T W Y V
1 S 0.562 -2.334 0.18 -3.809 -3.621 1.421 -0.926 -0.554 3.984 -0.09 -0.987 -4.783 0.1 1.201 -6.632 1.461 1.593 0.658 2.087 -1.805
2 H -5.594 -2.123 -4.507 -5.442 -7.109 0.785 -4.544 -6.177 10.273 -6.822 -5.89 -5.419 -6.05 -5.855 -3.651 -5.5 -6.459 -6.418 -3.426 -6.67
3 A 1.338 -5.088 -0.27 0.224 -0.036 0.246 -1.018 -2.175 1.798 1.915 -1.394 -3.616 1.325 1.212 -4.344 1.261 -1.094 -2.918 2.531 -0.029
4 P 0.023 -2.168 -0.336 1.486 -2.065 0.759 1.013 0.36 1.044 -1.05 -0.918 -1.164 -1.334 -0.564 3.241 -0.21 -0.881 -4.042 -2.011 -1.851
5 P 0.176 0.075 -0.224 -0.957 -2.021 0.695 -1.327 -0.017 2.167 -1.427 -1.923 0.18 -2.259 -0.954 2.521 0.589 0.469 -0.085 -0.2 0.169
6 S 1.201 -1.385 -0.131 -2.152 -0.438 1.642 -3.113 0.054 -0.147 0.757 -2.291 -2.084 -0.901 -1.248 1.002 1.914 0.714 -4.361 -3.201 1.251
7 P 0.662 0.685 -1.095 -3.404 -2.124 0.454 -1.449 -3.332 0.821 0.633 0.547 -1.055 -0.023 -2.182 2.843 0.195 0.009 -2.299 -2.394 1.019
8 V 1.852 -1.399 -2.924 -4.072 1.035 0.068 0.098 -3.046 -0.71 0.573 -0.577 -0.597 -1.232 -2.365 -2.969 1.207 1.476 -4.494 -2.222 2.485
9 L -3.417 -7.079 -8.021 -8.282 -4.158 -7.406 -8.02 -8.004 -5.033 0.637 5.529 -6.731 2.417 -0.365 -7.079 -7.697 -5.506 -3.797 -4.237 1.672
