Last position-specific scoring matrix computed, values are in halfbits
A R N D C Q E G H I L K M F P S T W Y V
1 L -2.375 -3.466 0.689 -1.858 -0.762 0.224 -1.896 -5.917 5.008 0.03 0.95 -5.87 3.768 2.767 -8.209 -1.056 1.057 -4.076 2.201 -1.121
2 P 2.965 -7.278 -6.695 -7.04 -6.096 -5.268 -6.981 -5.248 -6.94 -4.714 -7.081 -6.457 -5.424 -8.051 7.418 -4.656 -6.025 -9.125 -7.709 -0.879
3 A 1.095 -3.422 0.726 -0.3 0.045 -0.409 -1.79 -3.978 2.38 1.012 -0.256 -5.625 0.118 2.658 -4.244 -0.049 0.083 1.46 1.069 1.296
4 E -0.448 -1.21 -0.249 2.334 -2.666 1.126 2.002 -0.076 1.676 -1.798 -2.446 -1.041 -2.721 -1.633 2.649 0.144 -0.784 -2.206 -3.138 -1.634
5 V -0.906 -3.224 -0.225 1.335 -0.489 -0.286 -0.058 -0.944 1.718 1.398 -0.059 -1.395 -1.536 -0.394 0.75 -1.001 0.093 -1.76 -0.392 1.744
6 V 0.338 -1.32 -1.876 -0.458 -0.82 1.298 -1.44 -1.793 1.548 1.59 -0.743 -1.104 -0.98 0.609 0.73 -0.511 0.594 -5.538 -0.9 1.876
7 V -0.993 -1.991 -0.64 -0.919 -0.809 0.665 1.446 -5.877 2.499 1.237 0.376 -2.816 -1.586 -1.022 1.397 -1.136 0.375 -1.942 -0.538 1.979
8 V 1.144 -0.967 -1.946 -3.074 -0.351 0.664 1.786 -1.684 0.014 -0.556 -1.661 0.383 -1.995 -2.331 -2.113 0.894 1.222 -7.518 -2.01 2.228
9 Y -6.0 -7.43 -7.857 -8.522 -6.536 -7.607 -8.123 -8.297 -1.49 -3.749 1.445 -7.607 4.024 5.061 -9.007 -8.0 -6.109 0.746 7.345 -4.737
