Last position-specific scoring matrix computed, values are in halfbits
A R N D C Q E G H I L K M F P S T W Y V
1 V 1.293 -0.084 0.161 -6.948 -2.858 -2.678 -6.068 -6.01 1.15 0.327 -1.473 0.557 -0.289 2.741 -7.882 1.118 0.299 -5.005 2.672 2.026
2 A 5.374 -4.396 -5.872 -7.068 -5.024 -1.73 -6.874 -2.709 -6.719 2.041 -2.149 -6.047 -2.322 -6.608 -7.279 0.765 0.368 -7.718 -6.996 0.669
3 K 1.41 1.516 0.246 -6.167 -3.109 -1.92 -6.178 -3.525 1.056 1.602 -4.525 3.045 0.8 1.949 0.007 -0.813 -2.647 -3.511 1.446 -0.102
4 P -0.374 -3.131 -0.54 2.988 -1.997 -1.037 2.248 0.916 -0.117 -2.768 -2.429 -2.489 -2.903 -3.117 3.27 0.103 -0.637 -1.519 -2.719 -1.736
5 P -0.539 -1.347 -0.258 -2.353 -2.684 -1.588 -3.133 0.27 2.417 1.469 -1.292 -0.762 -2.383 1.082 3.222 -0.818 -0.527 0.47 -0.543 1.159
6 G 0.255 -0.723 -2.248 -5.393 -1.517 -0.732 -2.265 1.694 0.128 2.044 -0.593 -1.922 -3.066 -0.741 1.526 -0.391 1.63 -3.351 -0.968 1.067
7 S 0.373 -0.467 -0.479 -3.264 -0.824 1.709 0.207 -2.074 0.939 -0.423 -1.131 -1.769 -0.379 -5.05 -1.635 2.012 2.156 -2.002 -1.979 1.442
8 V -0.211 -2.909 -2.562 -3.33 -0.731 -1.076 1.674 -3.943 1.482 -0.648 -3.088 -1.395 -2.739 -1.012 -1.312 2.127 2.683 -7.244 0.059 2.459
9 F -4.075 -6.818 -7.595 -8.273 -6.391 -6.853 -6.258 -8.142 3.387 -3.1 2.162 -7.544 2.746 5.496 -8.928 -7.452 -6.778 -4.652 6.155 -1.499
