Last position-specific scoring matrix computed, values are in halfbits
A R N D C Q E G H I L K M F P S T W Y V
1 F 0.483 0.172 0.725 -8.174 -4.279 -2.886 -6.377 -4.034 1.333 0.869 -0.948 -0.339 -1.253 3.33 -8.461 1.17 -0.318 -1.919 3.335 1.34
2 Y -6.247 -9.241 -9.082 -9.104 -7.332 -9.552 -9.814 -7.841 -5.429 -6.667 -4.646 -8.476 -2.94 6.705 -7.001 -7.354 -5.27 1.394 7.766 -6.057
3 P -1.722 -3.196 0.673 -4.849 -5.893 3.319 -2.983 -3.241 2.159 1.648 -0.202 -3.971 1.337 0.496 4.028 -2.001 -2.34 -2.314 1.531 -1.227
4 E -0.176 -1.759 0.768 2.308 -5.662 -0.157 2.048 -0.579 0.848 -1.358 -2.468 -1.603 -3.8 -0.374 2.252 0.114 -0.216 -0.759 -0.208 -1.308
5 S -0.37 1.189 0.005 -1.235 -4.146 0.967 -1.284 0.764 2.319 -1.584 -2.456 0.992 1.003 -0.142 -0.453 0.861 0.366 -1.023 0.677 -0.615
6 A 1.693 0.431 -0.871 -3.101 -2.141 -0.869 -2.36 0.48 -0.108 0.731 -1.397 -0.948 -0.909 -0.482 -0.702 -0.099 1.29 -3.314 -0.871 2.047
7 S -0.473 1.052 0.889 -2.707 -3.838 1.883 -0.062 -2.95 2.229 0.108 0.219 0.117 -0.343 -3.314 -2.195 0.98 1.538 -5.128 -3.223 0.256
8 S 2.075 -2.858 -0.579 -1.606 -2.299 0.704 2.477 -2.479 1.134 -3.14 -4.439 -2.973 -3.011 -1.415 -0.758 2.468 1.013 -3.676 -0.444 0.355
9 L -2.559 -6.486 -9.574 -10.085 -4.229 -7.853 -9.765 -9.807 0.941 -1.294 3.721 -4.022 3.892 4.673 -9.641 -8.221 -7.168 -3.35 4.543 -0.166
