Last position-specific scoring matrix computed, values are in halfbits
A R N D C Q E G H I L K M F P S T W Y V
1 E -0.395 -1.665 2.071 1.073 -6.349 2.233 2.349 -2.105 3.502 -2.331 -3.785 -2.562 0.046 -0.777 -6.394 0.776 1.375 -3.521 0.657 -2.384
2 H -4.232 4.137 -3.616 -5.553 -7.351 2.187 -2.661 -2.718 8.839 -7.403 -5.818 -2.767 -6.465 -6.796 -0.341 -4.354 -6.995 -7.154 -4.76 -5.708
3 F 0.059 -1.09 0.655 -4.683 -1.206 1.091 -4.498 -3.493 3.169 -0.508 0.564 -0.967 0.731 2.971 -0.61 -0.85 -0.581 1.008 2.181 0.366
4 P -0.35 0.026 -0.847 0.234 -2.852 1.422 0.83 -0.443 -0.426 -0.171 -0.505 0.518 -1.827 -2.445 2.503 -0.357 -0.264 -2.752 -1.877 0.058
5 L -0.331 -0.69 -0.284 -2.816 -3.208 1.666 -1.569 0.243 0.608 0.178 0.039 -0.778 -0.325 1.995 -0.041 0.323 0.345 -1.944 0.27 0.429
6 L -0.999 -0.725 -2.346 -2.96 -3.968 1.563 -1.469 -0.903 1.234 1.014 0.464 -0.367 -0.68 0.988 2.238 -0.311 -0.022 -3.907 -0.82 1.103
7 L -0.216 -0.721 -0.8 -2.611 -2.256 0.857 -0.092 -6.036 3.132 1.113 0.754 -1.21 -0.499 -0.713 1.737 -1.964 -0.049 -2.736 0.49 1.606
8 S 2.668 -1.691 -2.265 -3.599 -3.746 0.636 1.234 -2.585 -0.764 -1.83 -5.208 -0.597 -2.771 -5.102 -0.982 3.166 1.531 -7.694 -6.155 0.736
9 A 6.065 -6.48 -7.054 -7.185 0.985 -6.85 -6.894 -4.663 -6.802 -3.473 -4.987 -6.418 -4.549 -6.772 -2.166 -3.304 -0.68 -7.744 -6.975 2.843
