Last position-specific scoring matrix computed, values are in halfbits
A R N D C Q E G H I L K M F P S T W Y V
1 A 1.164 0.211 -1.514 -7.744 -5.681 -1.453 -6.366 -0.669 1.269 -0.031 -0.452 1.263 -0.35 2.619 -8.474 1.246 -0.547 -3.381 3.369 -0.265
2 L -5.356 -8.204 -9.168 -9.463 -6.29 -3.303 -9.148 -8.692 -8.248 0.324 5.892 -8.377 3.776 -4.513 -9.595 -7.997 -2.493 -7.829 -7.204 -1.267
3 A 3.448 -3.677 1.611 -4.575 2.966 -1.699 -4.952 -2.316 2.154 -0.517 -5.454 -0.553 0.743 0.864 -1.852 2.489 -1.772 -5.213 0.013 -2.455
4 E -1.084 -2.325 0.174 3.521 -3.91 0.166 3.422 0.006 0.905 -4.835 -5.176 -0.146 -4.06 -4.097 1.696 0.37 -0.965 -1.854 -3.619 -3.711
5 I -1.217 -0.637 -1.274 -1.029 -0.158 -0.243 -0.859 -1.445 3.281 2.377 0.773 0.863 -0.282 1.288 -5.529 -1.506 -1.728 -2.068 0.515 0.845
6 L -1.796 -2.344 0.723 -2.047 1.913 0.732 -0.327 -3.372 0.005 2.587 1.34 -2.545 -1.673 -0.878 -2.211 -1.173 0.68 -4.138 -0.363 2.105
7 E -0.513 -1.697 1.453 0.968 0.117 2.419 2.01 -5.675 4.647 -1.143 -4.169 -1.331 -2.079 -1.638 -1.05 -0.834 0.19 0.713 0.668 -0.2
8 K -0.874 1.715 1.031 -3.944 -0.269 2.309 1.491 -1.621 2.602 -5.009 -1.185 2.117 -0.829 0.175 -6.478 -0.649 0.441 -5.573 1.405 -2.589
9 L -0.908 -8.383 -9.247 -9.464 -6.142 -8.664 -9.204 -9.036 -8.474 0.897 5.296 -8.471 0.909 -4.447 -9.478 -8.708 -6.647 -7.994 -7.268 3.304
