Last position-specific scoring matrix computed, values are in halfbits
A R N D C Q E G H I L K M F P S T W Y V
1 E -0.401 -3.127 2.426 1.009 -4.143 1.988 2.313 -2.439 2.862 -1.19 -3.408 -3.189 -2.18 -1.473 -5.352 0.411 2.231 -3.098 0.609 -1.378
2 R -4.374 5.945 -3.19 -3.916 -5.405 0.546 -2.817 -4.025 7.813 -4.644 -5.39 -2.122 -4.353 -4.842 -5.851 -4.599 -4.889 -5.047 -2.976 -5.565
3 P -0.086 -0.625 0.74 -1.585 -4.11 0.019 -3.357 -2.612 2.723 -0.727 0.073 1.174 -0.575 2.151 1.947 -0.332 -1.63 1.364 1.463 -1.107
4 P -0.6 -1.011 -0.302 0.366 -4.123 0.991 1.049 0.059 -1.05 -0.275 -0.539 0.723 0.08 -2.262 2.957 0.026 -0.733 -5.583 -2.884 -0.949
5 V -0.239 1.497 0.348 -2.407 -3.927 1.709 -2.196 -0.878 -0.507 0.664 -0.147 0.526 -1.254 -0.716 0.355 -0.982 0.581 -4.865 1.04 0.889
6 I -0.668 0.912 -0.287 -2.363 -3.974 0.937 -0.812 -0.926 2.798 1.539 -1.201 -0.173 -1.488 -1.055 1.419 -0.222 -0.232 -1.995 0.018 0.986
7 Q -0.403 -0.294 0.954 -2.43 -3.975 2.857 0.168 -3.586 2.021 0.219 -0.944 -1.776 -1.51 -2.148 1.536 0.149 0.453 -0.27 0.316 0.874
8 S 2.181 -2.732 -2.179 -3.054 -3.426 1.308 1.566 -1.438 -0.125 -1.792 -3.215 -1.464 -1.124 -4.132 -4.736 2.883 1.962 -5.447 -3.335 0.765
9 L -1.716 -5.285 -6.229 -6.515 -3.289 -5.597 -6.222 -6.141 -4.007 -0.401 5.31 -5.188 3.181 0.52 -6.6 -5.84 -3.46 -2.942 -3.298 1.003
