Last position-specific scoring matrix computed, values are in halfbits
A R N D C Q E G H I L K M F P S T W Y V
1 R 0.39 4.756 -2.97 -5.54 -3.448 -0.837 -4.123 -2.961 0.821 -0.847 -3.594 3.685 -2.869 -2.109 -6.519 0.609 -1.383 -6.143 0.35 -1.553
2 R -1.889 6.514 0.529 -5.489 -5.555 -2.227 -3.845 -3.481 -4.443 -1.92 -4.136 -2.201 -2.077 -4.209 -5.512 0.403 1.189 -6.335 -1.044 -1.341
3 N 0.354 -1.81 3.125 -1.242 -1.381 -1.617 -4.659 -0.374 1.225 -0.489 -0.303 -0.347 1.092 2.314 0.151 0.297 -1.521 -1.18 1.174 -1.045
4 P -1.297 -2.32 -0.357 2.843 -3.915 0.26 1.618 0.621 1.456 -3.51 -3.173 -0.739 -3.127 -1.405 3.618 0.262 -1.184 -1.979 -2.04 -2.612
5 Y -0.78 -1.898 -1.121 -1.627 -0.764 -0.8 -1.298 -1.067 3.388 0.355 -0.986 -2.042 -0.629 2.927 -2.33 -2.064 -0.532 0.279 3.96 1.613
6 I 0.293 -3.324 -2.946 -4.337 0.573 -1.058 -1.951 -2.831 1.849 3.187 -0.857 -2.875 -1.314 1.087 1.241 -1.566 0.035 -0.759 -0.221 2.748
7 L -3.64 1.881 -2.265 -4.55 -2.716 0.142 -3.569 -5.672 2.801 1.497 1.081 -0.698 -0.544 2.578 -4.021 -2.133 -0.681 2.158 3.425 0.947
8 V -1.923 -0.334 -1.81 -2.524 -0.214 0.37 2.51 -4.08 0.98 0.876 -1.931 -0.962 -1.661 -0.923 -5.825 0.584 1.531 -2.134 0.155 2.678
9 L -3.453 -5.844 -6.303 -6.131 -4.894 -5.967 -7.22 -7.276 -1.91 -2.152 4.516 -6.093 2.253 3.962 -7.878 -7.037 -5.559 -0.178 4.729 -1.382
