Last position-specific scoring matrix computed, values are in halfbits
A R N D C Q E G H I L K M F P S T W Y V
1 G 1.105 1.69 -3.135 -6.356 -6.518 2.105 -2.168 2.073 2.057 -0.072 -2.083 1.715 -1.439 -1.111 -8.011 0.778 -1.506 -2.609 0.777 -1.104
2 R -5.769 8.058 -6.154 -7.185 -7.871 0.823 -6.121 -7.767 -5.575 -8.145 -5.235 -2.924 -5.384 -8.117 -8.356 -7.056 -7.109 -7.916 -7.424 -7.748
3 L -0.651 -5.715 1.538 -0.211 -6.497 -0.023 -3.347 -3.53 3.288 0.659 0.981 -1.301 0.485 3.206 -7.454 -0.844 -0.091 1.817 2.29 -0.551
4 P -0.776 -3.069 0.068 1.226 -6.141 0.918 0.909 0.964 -1.054 -1.86 -0.676 1.001 -1.772 -0.275 2.572 0.202 -1.014 -0.94 -1.162 -1.759
5 L -0.634 -2.654 -0.274 -0.914 -6.451 1.392 0.062 0.345 -0.562 0.727 0.187 0.164 -0.927 0.791 0.302 -0.919 0.301 -1.457 0.408 0.904
6 I -1.001 -0.378 -0.54 -1.856 -6.423 2.075 -0.545 -1.051 0.153 1.776 0.265 -0.069 -1.195 0.681 0.446 -0.231 0.35 -4.746 -0.872 0.554
7 L -1.152 -2.892 0.311 -2.525 -6.453 0.827 0.52 -3.929 2.619 0.948 0.346 -2.937 -0.201 1.61 1.2 -0.654 0.478 -0.715 1.557 0.904
8 N -0.903 1.236 2.47 -2.774 -6.675 2.131 0.268 0.519 1.884 -4.649 -1.096 1.424 -2.524 -2.899 -5.376 1.078 1.439 -7.713 -0.928 -2.279
9 L -4.061 -7.609 -8.726 -9.011 -5.884 -8.213 -8.795 -8.751 -6.554 1.135 4.913 -6.61 3.853 2.852 -7.615 -8.429 -5.049 -6.972 -3.607 1.977
