Last position-specific scoring matrix computed, values are in halfbits
A R N D C Q E G H I L K M F P S T W Y V
1 R 1.287 5.112 -5.361 -8.085 -7.834 -0.667 -5.548 -0.059 3.34 -1.526 -2.708 2.49 -3.72 -0.818 -9.063 -0.806 -3.309 -2.477 0.138 -2.707
2 Q -6.507 -7.093 -8.073 -8.306 -7.422 6.562 -4.671 -7.8 -7.258 1.365 3.591 -6.96 1.676 -7.221 -9.481 -5.264 -4.161 -8.662 -7.892 0.346
3 D 0.955 -5.567 -0.917 3.232 1.158 0.135 -0.312 -3.297 2.144 0.649 -1.639 -4.845 0.162 1.099 -3.483 1.343 -1.003 -0.372 0.156 -0.1
4 E -0.21 -0.462 0.228 1.582 -2.87 1.104 1.999 0.163 0.637 -1.519 -2.035 0.776 -2.299 -1.644 1.649 -0.083 -1.52 -0.774 -2.176 -1.036
5 E -1.259 -2.218 -1.815 1.445 -1.227 -0.57 1.792 0.061 0.236 1.095 0.018 -0.329 -1.042 -0.904 -0.861 -0.822 0.044 -2.648 -0.613 1.303
6 E -0.85 -0.96 -0.987 2.028 -1.582 0.834 2.606 -1.27 0.678 0.45 -1.499 -0.134 -1.373 0.285 -0.43 -1.224 -1.187 -5.044 -0.382 0.54
7 E -1.342 -2.72 -0.902 1.534 -1.246 1.661 2.824 -5.044 2.855 -0.493 0.694 -3.408 -1.352 -0.745 -0.194 -1.114 -1.207 -0.478 0.175 0.473
8 K -1.211 1.919 -0.371 -2.268 -0.729 1.407 0.456 -1.124 2.159 -2.673 0.36 2.094 -1.788 -0.665 -7.697 0.085 0.691 -4.399 -0.025 -0.347
9 L -8.391 -9.157 -9.843 -10.094 -7.244 -9.562 -9.994 -9.799 -8.519 3.923 4.036 -7.437 1.492 4.155 -10.561 -9.751 -8.34 6.654 -5.265 -2.558
