Last position-specific scoring matrix computed, values are in halfbits
A R N D C Q E G H I L K M F P S T W Y V
1 T 0.077 -1.811 2.067 0.212 -5.47 1.595 0.414 -0.35 3.763 -0.836 -3.196 -3.801 0.091 -0.806 -6.26 1.033 2.042 -3.244 1.372 -2.203
2 H -5.255 0.76 -3.88 -5.147 -6.75 2.194 -1.823 -5.293 9.563 -6.923 -3.835 -2.916 -4.917 -5.717 -0.028 -6.074 -6.521 -6.257 -1.753 -6.204
3 Y 0.199 1.609 -0.609 -2.45 -4.394 -0.199 -3.418 -1.448 2.329 0.262 -0.857 0.094 0.665 1.907 -2.433 0.243 -1.117 -0.281 3.142 0.197
4 P -0.979 -1.563 -0.029 1.714 -5.715 1.352 1.108 0.494 0.034 -0.438 -1.57 0.256 -1.221 -1.488 2.978 -0.783 -0.484 -3.336 -1.872 -1.331
5 P -0.326 -1.274 0.192 -0.122 -5.427 0.361 -0.979 0.467 2.155 -1.1 -1.891 -1.04 -2.502 0.897 2.476 1.06 0.942 -1.303 -2.538 -0.101
6 G -0.693 -0.814 -0.178 -2.583 -5.291 1.162 -1.484 1.28 1.28 0.964 -0.087 -0.646 -0.176 -0.424 -0.118 0.313 0.437 -2.51 -0.67 1.061
7 S -0.852 -0.332 1.258 -3.045 -4.883 1.463 -0.271 -2.712 1.997 0.479 0.03 -1.22 -0.791 -2.03 -0.587 1.029 1.683 -4.742 -0.332 1.048
8 S 0.55 -0.758 -1.435 -2.808 -5.112 1.78 1.177 -0.383 -1.597 -0.999 -2.005 -0.718 -2.403 -2.225 -4.507 2.216 2.021 -4.812 -1.347 1.484
9 Y -4.567 -6.704 -7.005 -7.708 -5.903 -6.921 -7.32 -7.474 -0.46 -3.992 0.042 -6.876 0.998 5.531 -8.232 -7.19 -5.535 -0.12 7.604 -1.72
