Last position-specific scoring matrix computed, values are in halfbits
A R N D C Q E G H I L K M F P S T W Y V
1 D -4.047 -2.304 2.538 4.506 -3.448 0.178 1.195 -3.782 0.302 -0.879 -0.379 -4.089 1.355 -1.75 -7.36 -0.258 -0.381 -3.447 0.943 -1.251
2 R -1.177 6.375 -1.684 -1.83 -3.177 2.846 1.14 -1.793 0.444 -5.91 -4.735 -3.18 -2.953 -6.689 -0.483 -3.774 -4.262 -4.678 -7.114 -3.582
3 Y -1.29 -1.34 -2.48 -3.436 -1.683 -0.759 -3.718 -5.052 1.237 0.368 1.684 -3.012 0.607 3.595 -5.558 -3.093 -2.632 1.356 5.386 0.347
4 L -0.39 -0.536 -1.284 0.273 -2.463 1.745 1.275 -0.962 -0.176 -0.228 1.274 0.13 -0.691 -1.351 1.037 -0.243 -1.376 -1.11 -2.19 -0.556
5 R -1.995 5.798 -1.247 -1.696 -3.614 0.148 -2.258 -0.175 0.346 -2.595 -1.09 1.089 -2.048 -1.418 -2.652 -1.509 -1.885 -0.689 -2.331 -2.694
6 R -1.181 2.717 0.002 -2.274 -2.029 0.881 -0.205 -1.407 1.433 1.006 0.149 -0.063 -0.917 -0.293 -0.436 -0.431 -0.043 -2.745 -0.807 0.007
7 L -0.473 0.073 0.729 -2.661 -2.004 1.06 0.172 -3.637 0.763 0.955 1.269 -1.947 -0.498 -1.033 -1.618 0.416 0.64 -0.876 -0.25 1.111
8 S 2.354 -1.325 -2.216 -2.665 -0.097 1.536 1.542 -1.967 -2.115 -2.161 -2.917 -1.607 -2.519 -3.75 -2.221 2.842 1.414 -7.365 -2.395 0.411
9 L -1.888 -6.999 -7.823 -9.503 -1.177 -6.886 -7.632 -9.19 -4.614 1.439 5.482 -8.039 1.348 0.396 -6.729 -8.879 -4.387 -5.222 -5.575 0.924
