Last position-specific scoring matrix computed, values are in halfbits
A R N D C Q E G H I L K M F P S T W Y V
1 A 1.456 2.403 -4.224 -9.587 -2.055 0.574 -4.913 0.486 0.497 0.735 -0.803 1.536 -1.332 -0.087 -6.793 0.514 -0.196 -3.507 0.817 0.444
2 Q -1.47 -7.292 -7.069 -10.555 -5.696 6.159 -3.555 -4.029 -7.355 1.01 2.225 -8.352 2.7 -3.475 -7.354 -1.756 -1.771 -11.81 -4.444 1.881
3 K 0.541 1.697 0.898 -4.942 -3.747 0.982 -5.194 -3.178 2.058 1.932 -3.742 2.743 1.465 1.332 -1.982 -0.945 -2.732 -4.508 1.606 -0.668
4 P -0.439 -0.596 -0.419 1.024 -4.167 1.144 1.545 0.39 -0.08 -1.065 -1.133 0.618 -1.929 -1.499 2.586 -0.233 -1.144 -1.464 -2.196 -1.061
5 L -0.362 -1.422 -0.024 -0.741 -2.826 0.766 0.519 0.524 1.074 0.509 -0.225 -1.022 -0.752 -0.425 1.183 0.416 0.469 -1.563 -1.555 0.019
6 G -0.612 -0.446 -0.195 -1.089 -1.795 1.024 -0.107 0.929 1.57 0.422 -0.706 -0.872 -0.673 -0.424 -0.641 0.633 1.412 -3.774 -1.606 0.337
7 S -0.127 -1.096 -0.383 -2.787 -2.447 2.195 1.167 -2.412 1.2 0.545 -0.316 -1.138 -0.526 -2.724 -1.995 1.31 1.588 -4.471 -2.678 1.201
8 S 1.355 -0.877 -1.252 -2.838 -0.795 1.747 1.052 -0.952 0.403 -3.2 -1.369 -0.686 -1.507 -2.166 -3.49 1.94 1.758 -6.172 -1.328 1.192
9 Y -8.141 -11.675 -12.279 -12.983 -8.937 -12.187 -12.595 -12.768 -1.658 -7.307 0.56 -10.389 1.094 5.819 -13.509 -12.498 -10.568 -3.351 7.948 -6.159
