Last position-specific scoring matrix computed, values are in halfbits
A R N D C Q E G H I L K M F P S T W Y V
1 E -3.008 -5.363 -1.602 3.432 -4.018 -0.91 5.707 -5.427 1.839 -5.085 -7.796 -3.937 -3.291 -0.311 -7.689 -0.692 -1.457 -5.113 0.832 -6.538
2 V -0.152 -7.483 -6.082 -7.402 -3.167 -4.148 -2.491 -4.985 -7.598 2.134 0.291 -7.227 -3.259 -5.178 -5.418 -3.039 3.577 -4.774 -6.292 5.079
3 I 1.69 -1.329 -2.24 -6.951 -2.785 -3.172 -5.249 -4.73 -0.358 3.958 -3.003 1.05 0.047 -0.148 0.199 -1.317 0.044 -7.304 0.758 2.125
4 D -0.882 -0.282 -0.049 3.213 -4.09 1.249 2.168 0.735 0.7 -3.935 -4.417 0.097 -3.907 -3.102 0.893 0.658 -0.255 -1.671 -2.386 -2.577
5 K -1.364 1.385 0.63 -1.582 -4.061 0.318 -0.179 -0.64 2.52 1.628 -0.686 1.53 -1.8 0.509 -1.61 -0.805 -0.59 -1.298 -0.356 -0.106
6 I -1.533 -1.718 -1.78 -4.336 -0.849 -1.383 -4.874 -1.911 -0.004 3.502 0.951 -2.604 1.682 0.257 -3.996 -0.963 1.072 -3.459 1.349 2.363
7 S 0.871 -1.16 -0.335 -3.463 -0.659 1.228 -1.282 -0.27 -0.168 -1.471 0.271 -0.708 -0.243 -2.848 1.204 2.357 1.451 -5.119 -4.016 -1.132
8 K -0.221 1.497 -0.424 -2.255 -0.701 2.365 0.936 0.514 1.364 -4.042 -1.084 1.964 -2.534 -1.514 -4.787 1.013 0.144 -5.32 -0.118 -1.759
9 Y -4.376 -2.425 -7.192 -8.536 -5.204 -6.403 -8.099 -8.354 0.139 -3.035 -0.179 -5.144 3.668 4.949 -9.071 -7.587 -7.427 -1.824 7.481 -1.283
