Last position-specific scoring matrix computed, values are in halfbits
A R N D C Q E G H I L K M F P S T W Y V
1 S 1.476 1.915 -2.533 -5.39 -5.05 -0.067 -5.952 -3.021 0.968 1.165 0.843 0.021 1.382 -1.329 -6.572 1.712 -0.244 -6.433 -0.092 0.784
2 P -2.866 -5.91 -6.606 -6.291 -5.937 -6.595 -6.331 -6.446 -6.303 -4.893 -4.482 -5.419 -6.264 -7.634 8.125 -5.171 -4.174 -8.931 -7.179 -1.845
3 A 0.508 1.104 0.324 -4.243 -1.928 -0.119 -3.731 -2.284 3.585 -0.377 -0.599 0.005 0.735 1.896 -2.575 -0.878 0.119 1.185 2.288 0.598
4 P 0.156 -0.697 -0.659 0.147 -2.553 0.245 0.846 0.134 1.768 -3.255 -0.325 -0.39 -1.54 -0.729 2.982 0.395 -0.256 -1.876 -0.584 -1.943
5 P -0.408 -1.678 -0.418 -2.283 -2.541 1.23 -2.373 0.44 0.285 0.755 -0.302 -1.119 -2.592 -0.575 3.375 -0.502 -0.367 -2.44 -2.195 1.485
6 L -0.622 -1.521 -2.307 -3.32 -1.74 -0.417 -3.157 0.557 1.588 1.818 0.96 -0.813 0.239 1.295 1.583 -1.041 0.216 -1.289 -0.049 0.403
7 V -0.446 -0.617 -0.224 -2.808 -2.097 0.052 -0.697 -5.439 1.818 1.579 0.213 -1.265 -1.059 -0.791 2.57 -1.169 -0.158 0.142 -1.503 2.208
8 A 2.481 -0.94 -2.18 -2.338 -0.371 0.17 0.683 -1.649 0.768 -1.897 -3.701 -1.214 -1.148 -4.392 0.689 2.118 1.603 -6.927 -1.925 0.718
9 A 5.736 -4.781 -5.459 -6.107 -1.37 -6.297 -6.352 -4.241 -6.245 -0.987 -4.325 -5.859 -4.629 -5.003 -1.648 -2.978 -1.724 -7.106 -6.288 3.427
