Last position-specific scoring matrix computed, values are in halfbits
A R N D C Q E G H I L K M F P S T W Y V
1 D -1.62 -4.106 0.47 3.109 -3.952 -0.591 -0.907 -4.994 -0.45 1.057 1.443 -2.424 1.6 0.663 -5.887 -0.734 -0.041 -4.682 1.605 0.886
2 A 5.076 -4.917 -4.991 -4.845 -3.287 -4.786 -4.649 -3.617 -4.591 -4.605 -5.077 -4.154 -4.662 -5.623 5.834 -3.447 -4.006 -6.399 -5.322 -3.871
3 K 0.525 -1.71 0.649 -2.835 -4.037 0.912 -2.291 -3.431 1.776 -0.961 0.27 2.073 1.813 -0.174 1.912 0.257 -1.65 -1.929 1.61 -1.677
4 E 0.184 -1.645 -0.148 0.901 -4.032 0.356 1.309 -0.214 1.22 -0.524 -0.208 -0.603 0.135 -1.245 1.505 0.009 0.158 -5.443 -2.57 -0.127
5 V -0.299 -0.387 -0.608 -0.876 -3.878 0.474 -0.771 -1.218 2.321 0.912 -1.263 0.209 -1.904 -0.38 0.846 -0.437 1.062 -5.167 -0.6 1.892
6 V 0.013 -3.252 -1.268 -1.41 -3.71 -0.341 -1.135 -0.873 0.731 1.716 -0.446 -0.518 -2.266 0.415 1.245 0.136 0.086 -5.066 -0.121 2.363
7 V -0.421 0.653 0.686 -1.774 -4.052 1.256 0.215 -4.771 3.757 0.069 -0.502 0.505 0.471 -4.221 0.526 -0.522 0.116 -2.093 -0.603 1.159
8 T -0.141 -0.83 -0.023 -3.683 -3.709 1.664 0.788 -2.315 1.247 -2.208 -1.601 0.058 0.209 -2.857 -5.276 1.606 3.486 -5.259 -1.542 0.459
9 I -3.969 -5.994 -6.306 -6.385 -3.111 -6.098 -6.481 -6.421 -6.022 5.695 -1.874 -5.744 -2.15 -3.282 -6.548 -5.871 -3.963 -5.495 -4.498 5.266
