Last position-specific scoring matrix computed, values are in halfbits
A R N D C Q E G H I L K M F P S T W Y V
1 E -2.727 -5.934 -1.493 3.832 -6.62 -2.269 5.71 -3.8 2.201 -4.898 -6.802 -4.841 -0.872 -1.78 -7.423 -0.908 -1.654 -4.483 -1.07 -5.535
2 V -1.02 -7.201 -3.775 -7.321 -5.173 -3.408 -5.7 -6.259 -7.364 1.931 -0.459 -6.966 -3.463 -5.515 -5.091 -1.894 4.013 -7.592 -6.744 5.246
3 I 0.873 -1.393 -1.511 -6.227 -4.675 -0.768 -6.541 -5.079 -0.01 4.176 -2.852 1.554 1.317 -1.45 0.344 -1.731 0.108 -5.567 -2.117 2.283
4 E -0.862 -0.018 -0.939 2.677 -5.108 1.346 2.525 0.902 -0.352 -3.247 -4.0 0.509 -3.461 -3.439 1.123 0.294 0.338 -1.357 -4.248 -2.346
5 K -0.431 1.58 0.166 -1.099 -4.334 0.897 0.138 -0.45 2.035 -0.468 -1.787 1.856 -1.658 -0.292 0.238 0.226 0.052 -3.618 -0.737 -0.661
6 I -2.77 -2.205 -3.174 -6.197 -3.141 -3.207 -6.668 -1.436 -0.62 3.522 1.175 -6.524 1.807 2.759 -4.658 -1.486 0.737 -3.929 3.203 1.814
7 S 0.66 0.098 0.075 -2.521 -1.307 1.582 -0.151 0.127 1.228 -1.809 0.287 -0.765 0.652 -2.754 0.314 1.766 0.707 -2.299 -2.546 -2.086
8 S 0.645 -0.859 -0.658 -3.547 -1.657 1.791 1.24 0.448 1.412 -2.817 -3.871 0.414 -1.559 -4.555 -4.767 3.114 1.76 -7.59 -3.861 -1.155
9 F -7.398 -7.715 -8.157 -8.666 -6.685 -8.133 -8.366 -7.264 -5.565 0.19 0.925 -7.969 -2.911 5.531 -9.518 -7.326 -5.849 8.913 5.017 -3.826
