Last position-specific scoring matrix computed, values are in halfbits
A R N D C Q E G H I L K M F P S T W Y V
1 R 1.21 4.582 -4.328 -6.282 -4.94 -0.352 -4.856 -0.899 0.56 -1.379 -3.206 3.866 -2.167 -4.832 -6.079 -0.324 -0.847 -7.21 -2.907 -0.728
2 V -1.326 -4.36 -4.376 -5.252 -5.39 2.916 -5.767 -1.505 -3.439 1.436 0.733 -4.472 1.278 0.14 -6.419 -0.181 1.63 -0.754 2.677 2.952
3 K -0.39 -0.807 1.232 -4.749 -1.879 3.176 -3.944 -1.96 3.395 -0.019 -0.71 2.086 0.599 0.004 -2.882 0.231 -0.81 1.019 1.255 -1.994
4 D -0.387 -0.735 -0.037 2.118 -2.054 0.014 1.294 -0.576 0.46 -0.628 -1.877 0.292 -3.108 -0.775 1.913 0.244 -0.052 -2.696 -0.299 -1.112
5 V -0.88 -3.098 -0.642 -1.212 -1.213 -0.55 -0.644 -1.616 0.272 2.542 1.148 -1.672 -0.768 0.615 -0.647 -0.918 -0.412 -1.328 -1.439 2.374
6 L -0.613 1.336 -0.783 -1.877 -1.893 0.291 -1.42 -1.537 -0.281 1.185 0.501 -0.438 1.033 1.119 0.268 -0.741 0.262 -0.537 0.224 0.658
7 H 1.496 0.429 -1.435 -1.867 -2.207 -0.081 -1.799 0.896 6.172 -1.088 -1.465 -1.176 -0.633 -1.246 0.163 -0.483 -2.336 0.459 -0.08 -2.409
8 K -0.569 2.077 -0.056 -1.924 -0.658 1.272 -0.337 -1.476 2.329 -2.715 0.257 2.178 -1.473 -0.548 -5.196 0.087 0.099 -5.093 -0.194 -0.061
9 Y -6.808 -6.787 -7.161 -8.037 -6.698 -6.816 -7.392 -7.945 -2.686 -5.354 -3.768 -5.725 -2.85 -0.575 -8.357 -7.46 -7.074 -2.798 9.431 -4.376
