Last position-specific scoring matrix computed, values are in halfbits
A R N D C Q E G H I L K M F P S T W Y V
1 A 2.227 0.104 -0.615 -4.769 -3.274 -2.668 -4.649 -2.254 2.275 -0.021 -1.99 -0.18 -0.691 3.349 -5.627 1.08 -1.341 -3.912 2.972 0.298
2 A 2.603 3.322 -1.473 -4.265 -2.46 -2.695 -3.562 -0.296 -4.03 0.235 -0.798 -2.637 -1.801 -3.603 -5.496 0.772 -0.785 -5.156 -0.409 2.324
3 P -0.276 -3.76 2.635 -2.971 -2.337 0.198 -4.106 -2.452 4.51 0.642 -2.394 -3.068 3.257 -3.107 2.472 1.014 0.724 -3.309 -2.915 -0.466
4 P -1.508 -3.287 0.04 2.456 -2.27 -0.789 2.169 0.192 0.445 -3.193 -2.941 -1.391 -3.706 -3.39 4.4 -0.468 -0.486 -2.232 -1.977 -2.236
5 H -0.707 -2.105 0.583 -1.359 -2.076 -1.084 -1.903 -1.491 6.1 -1.401 -0.835 -0.954 -2.168 1.531 -5.006 -0.48 -0.071 -0.974 1.686 1.554
6 V 1.101 -2.233 -2.285 -2.176 -0.126 -0.97 -0.477 -2.209 0.484 2.149 -0.862 -1.978 -2.094 0.355 0.949 -1.575 0.781 -1.128 0.362 2.503
7 I -4.021 -3.412 -5.12 -5.899 -3.521 -4.139 -5.545 -5.982 2.129 4.283 1.754 -3.933 -0.28 2.565 -1.246 -5.01 -0.242 0.897 -0.069 2.685
8 V -1.814 -2.22 -1.287 -3.082 0.184 -0.795 1.828 -5.129 2.133 2.119 -1.085 -1.694 -1.641 -0.323 -4.939 -0.967 1.94 -1.922 0.221 2.957
9 L -3.161 -5.164 -6.149 -6.468 -3.292 -5.356 -6.149 -6.185 -5.073 -0.673 5.091 -5.345 5.688 -0.17 -6.608 -5.123 -3.746 -4.676 -3.964 0.313
