Last position-specific scoring matrix computed, values are in halfbits
A R N D C Q E G H I L K M F P S T W Y V
1 R 0.863 3.769 -4.254 -9.054 -8.052 -1.216 -6.513 -3.521 1.432 -0.526 -2.353 2.926 -0.821 1.485 -8.662 0.428 -0.758 -2.973 1.952 0.085
2 S 1.2 -8.099 1.732 -8.007 -6.172 -0.633 -8.703 -2.059 -7.31 1.109 -2.857 -8.001 -1.894 -8.935 -7.523 4.351 3.269 -9.945 -9.222 0.473
3 N -1.435 -3.736 3.484 -0.929 -3.112 -0.039 -4.272 -4.198 -0.086 2.106 0.185 -4.551 1.626 1.659 -7.418 0.621 0.557 -3.013 2.714 -0.326
4 P -0.743 -2.015 -0.681 2.238 -7.601 -0.615 1.425 0.659 0.908 -1.924 -2.617 -0.344 -2.976 -0.953 3.348 0.424 -1.087 -0.076 -0.635 -1.782
5 H -1.352 1.273 -0.647 -3.23 -5.299 0.448 -2.314 -1.114 4.327 0.511 -0.771 1.469 -1.766 1.493 -2.008 -1.586 -1.069 1.628 1.093 1.214
6 I -0.091 -2.151 -2.399 -3.862 -6.521 0.181 -2.028 -3.127 1.041 2.307 0.344 -2.471 0.795 2.836 1.807 -1.937 -0.537 -0.652 -0.514 1.896
7 L -3.28 1.167 -2.114 -7.251 -4.519 0.486 -4.41 -7.123 2.239 0.375 4.187 -1.834 1.257 -1.746 -2.05 -2.01 -1.017 -4.862 -1.992 0.585
8 E -2.171 0.589 -2.372 -4.294 -5.137 1.594 2.253 -4.788 0.421 -0.727 0.43 1.25 0.44 1.356 -10.05 -1.402 0.882 -2.932 1.819 1.041
9 V -5.309 -9.918 -10.624 -10.86 -5.663 -10.156 -10.642 -10.64 -9.938 1.516 4.07 -9.966 1.08 -0.669 -10.933 -10.184 -7.383 -7.706 -4.04 5.315
