#Seq2Logo.py -f /var/www/services/services/GibbsCluster-2.0/tmp/D105heart_361712/cores/gibbs.1of5.core -o /var/www/services/services/GibbsCluster-2.0/tmp/D105heart_361712/logos/gibbs_logos_1of5 -I 2 -p 640x640 --format PNG -b 200 -C 2 -t Group 1 of 5 -Z 1
Last position-specific scoring matrix computed, values are in halfbits
A R N D C Q E G H I L K M F P S T W Y V
1 S 0.279 0.178 -3.995 -4.307 -6.08 -0.437 -3.121 1.407 1.209 0.675 -0.216 -1.818 -0.484 1.945 -8.302 1.329 0.612 0.26 2.6 -0.076
2 E -5.493 -3.337 -5.185 -4.35 -8.549 -2.532 7.41 -7.053 -3.59 -6.931 -5.788 -4.474 -6.34 -6.097 -5.143 -3.386 -4.453 -8.682 -4.519 -5.132
3 D -0.357 -5.871 1.378 4.248 -7.399 -3.049 1.278 -1.795 1.307 -0.441 -1.344 -3.316 -0.926 1.902 -4.638 -0.403 -0.065 -4.109 -1.79 -0.017
4 P -0.866 -3.303 -0.753 -1.289 -5.347 1.298 -0.406 1.108 -0.937 0.575 -1.227 -0.504 -1.998 -1.667 3.505 0.174 -0.031 -8.673 -1.797 0.877
5 G -1.533 -2.529 -0.11 2.378 -4.97 0.039 0.879 2.264 0.546 -2.172 -3.031 -0.342 -1.294 -1.917 0.463 1.434 -1.455 -8.394 -1.716 0.757
6 T -0.438 -1.401 0.354 0.582 -3.189 -0.541 -1.287 1.401 -1.366 -0.837 -0.568 -0.597 -0.832 -0.764 -1.009 1.234 2.31 -4.659 -1.55 0.245
7 V -0.06 -5.084 -4.218 -3.251 -3.97 1.191 0.213 -2.025 0.717 2.685 -0.168 -4.164 -1.102 -1.269 1.021 -0.998 1.012 -2.777 0.83 2.467
8 V -1.62 -1.909 -0.634 0.703 -1.698 0.323 1.068 -2.539 0.021 0.009 -0.679 -1.529 -1.148 -0.132 -5.304 2.216 0.344 -4.737 -1.273 2.532
9 L -5.883 -5.558 -5.976 -5.867 -6.615 -8.896 -6.734 -8.373 -5.334 1.11 5.898 -8.697 0.964 -0.361 -3.425 -6.331 -5.252 -7.992 -4.846 -1.683