#Seq2Logo.py -f /var/www/services/services/GibbsCluster-2.0/tmp/D105heart_361712/cores/gibbs.1of1.core -o /var/www/services/services/GibbsCluster-2.0/tmp/D105heart_361712/logos/gibbs_logos_1of1 -I 2 -p 640x640 --format PNG -b 200 -C 2 -t Group 1 of 1 -Z 1
Last position-specific scoring matrix computed, values are in halfbits
A R N D C Q E G H I L K M F P S T W Y V
1 S 1.326 -0.568 -2.16 -1.195 -10.376 0.218 -1.842 -0.217 1.168 -0.773 -2.031 -1.071 0.669 2.246 -7.294 2.003 1.018 -2.234 2.07 -0.442
2 E 1.027 -9.898 -8.075 -8.899 -9.448 0.828 4.318 -6.158 -6.656 0.04 0.3 -10.244 -0.723 -6.312 -1.462 -0.665 1.639 -13.278 -7.809 2.611
3 A 1.273 -1.93 -0.468 0.621 -11.682 -0.609 -1.653 -4.021 -0.7 1.334 0.076 -4.575 2.068 2.9 -4.838 -0.523 -0.813 -2.647 3.627 -0.255
4 P -0.828 -2.863 -0.195 2.352 -6.436 1.172 2.116 0.722 -1.028 -2.316 -1.629 -0.82 -3.578 -2.115 2.933 0.585 -0.964 -4.147 -2.674 -1.955
5 V -0.179 -3.868 -0.969 0.039 -6.861 -0.519 0.806 0.559 0.287 -0.792 -0.624 -2.311 -2.677 -0.164 2.121 0.536 1.172 -3.157 -0.956 1.406
6 G 0.656 -1.521 0.119 -2.234 -5.7 0.62 -1.844 1.443 0.802 0.453 -0.938 -0.909 -0.757 1.23 -0.119 1.098 0.594 -5.088 -1.052 0.141
7 V -0.857 -4.784 -1.689 -2.473 -4.897 1.354 0.317 -5.707 0.82 1.997 0.351 -4.669 0.473 0.054 0.902 0.38 1.58 -2.635 -1.084 2.028
8 A 1.656 -2.869 -1.912 -3.988 -2.225 1.755 2.057 -3.978 -1.315 -2.315 -0.726 -1.586 -1.253 -0.931 -1.975 1.625 1.343 -4.409 -0.251 1.642
9 L -8.729 -2.878 -8.347 -9.132 -11.99 -7.224 -9.173 -10.527 -4.74 -3.403 3.979 3.983 1.889 1.837 -7.447 -8.745 -7.627 -8.352 5.116 -4.774