#Seq2Logo.py -f /var/www/services/services/GibbsCluster-2.0/tmp/D105heart_361712/cores/gibbs.4of6.core -o /var/www/services/services/GibbsCluster-2.0/tmp/D105heart_361712/logos/gibbs_logos_4of6 -I 2 -p 640x640 --format PNG -b 200 -C 2 -t Group 4 of 6 -Z 1
Last position-specific scoring matrix computed, values are in halfbits
A R N D C Q E G H I L K M F P S T W Y V
1 S -3.237 -4.53 0.398 -2.398 -6.962 -0.955 0.89 -1.736 1.756 0.147 -1.684 -5.601 3.061 2.573 -4.411 2.291 2.265 -1.67 2.452 -2.494
2 L -1.547 -8.024 -4.955 -5.085 -6.566 1.21 -5.826 -0.562 -5.691 0.629 3.114 -7.776 1.139 -2.26 3.147 -4.074 -4.133 -8.426 -5.397 3.47
3 A 2.533 -1.897 -0.138 -3.956 -6.775 -4.509 -4.023 0.4 -0.898 -0.369 -0.67 -2.19 0.26 1.764 -1.546 0.268 -0.601 -0.565 4.528 -1.266
4 P 0.618 -3.573 0.171 -2.927 -4.701 1.748 -2.62 2.833 -0.857 -4.652 -3.305 -2.91 -1.824 -3.262 4.261 1.039 0.616 -5.102 -3.419 -2.119
5 P 1.128 -2.221 -2.132 -3.033 -4.655 -0.878 -5.061 1.682 -0.267 -0.298 -1.392 -2.698 -2.787 -3.391 3.326 1.581 0.107 -3.574 -0.378 1.522
6 G 0.092 -2.935 -1.41 -3.543 -4.585 -2.64 -3.939 3.473 1.593 -5.149 -2.366 -5.116 -2.865 0.134 0.898 2.648 2.321 -8.328 -3.212 -0.379
7 S 0.98 -2.538 -1.293 -3.62 -2.14 0.902 -2.641 0.404 -0.388 -1.133 -0.098 -4.463 -1.606 -3.045 1.774 2.805 1.957 -6.592 -2.381 -0.159
8 V 2.372 -3.112 -1.387 -5.796 -1.752 -1.582 -0.882 -1.484 -3.036 -0.233 -2.868 -3.142 -1.357 -3.507 -0.678 2.086 2.013 -3.989 -1.772 3.079
9 Y -5.14 -5.384 -7.265 -8.961 -7.583 -5.012 -5.657 -5.079 -3.357 -4.443 -3.543 -4.971 3.204 5.123 0.621 -5.907 -2.343 -2.866 7.7 -4.711