#Seq2Logo.py -f /Users/prmunday/Documents/2023/Immunolyser/app/static/images/e69ab154-9a48-46f9-b480-e5a820464bd2/Test/gibbscluster/9mersonly/cores/gibbs.2of5.core -o /Users/prmunday/Documents/2023/Immunolyser/app/static/images/e69ab154-9a48-46f9-b480-e5a820464bd2/Test/gibbscluster/9mersonly/logos/gibbs_logos_2of5 -I 2 --format [JPEG] -b 200 -C 2 -t Group 2 of 5
Last position-specific scoring matrix computed, values are in halfbits
A R N D C Q E G H I L K M F P S T W Y V
0 A 0.782 -1.961 -1.011 -0.465 -1.34 -0.039 0.648 0.804 -0.069 0.196 0.137 -1.144 -0.975 1.401 -1.803 -0.902 0.786 -2.15 0.754 0.257
1 L 0.591 -2.174 -0.92 0.429 -1.178 -1.141 0.38 0.658 0.676 0.754 0.748 -1.766 -0.781 -1.614 -0.877 0.272 -0.213 -2.892 -1.045 1.196
2 L -0.578 -2.305 -0.113 -0.257 -1.416 -0.909 -1.238 -1.055 -1.407 0.816 1.122 -1.571 -0.51 3.333 -1.079 -0.462 -0.802 -1.595 1.595 0.638
3 D 0.113 -1.046 1.098 2.102 -1.588 0.882 1.185 -0.722 -1.312 -0.013 -0.355 -1.212 -1.3 -2.351 0.41 -0.289 0.074 -3.314 -2.597 0.292
4 L -0.289 -2.475 -1.544 -2.104 -1.442 -2.114 0.858 1.215 -1.769 1.128 1.881 -2.132 0.317 1.246 -1.096 -1.917 -1.499 3.039 0.253 0.166
5 F -0.233 -0.743 -1.217 -0.65 -1.472 -0.65 0.289 -0.506 -0.112 -0.013 0.542 -1.259 -0.723 3.422 -2.014 -0.68 -0.829 -1.755 0.756 1.056
6 L 1.052 -2.423 0.545 -1.556 -0.981 -0.93 -1.39 -2.435 -1.713 1.681 1.301 -2.211 0.399 1.279 -3.517 -2.077 -0.716 0.7 0.795 2.224
7 A 1.008 -1.975 0.178 0.69 -1.2 -0.216 -1.926 1.178 -0.194 0.749 0.334 -0.816 -0.927 -0.663 -3.14 -0.297 0.613 0.538 -0.113 0.374
8 R -1.395 4.598 -1.323 -2.002 -2.487 -0.39 -1.103 -2.495 -1.029 -0.84 -2.408 3.762 -1.759 -3.078 0.424 -1.905 -1.386 -3.2 -2.523 -1.562