#Seq2Logo.py -f /Users/prmunday/Documents/2023/Immunolyser/app/static/images/e69ab154-9a48-46f9-b480-e5a820464bd2/Test/gibbscluster/9mersonly/cores/gibbs.1of1.core -o /Users/prmunday/Documents/2023/Immunolyser/app/static/images/e69ab154-9a48-46f9-b480-e5a820464bd2/Test/gibbscluster/9mersonly/logos/gibbs_logos_1of1 -I 2 --format [JPEG] -b 200 -C 2 -t Group 1 of 1
Last position-specific scoring matrix computed, values are in halfbits
A R N D C Q E G H I L K M F P S T W Y V
0 S 0.54 0.135 -1.865 -5.153 -5.07 -0.472 -3.8 -2.477 -2.77 1.08 -3.422 0.703 -2.556 -0.568 -7.059 3.185 0.55 -3.901 -1.677 3.037
1 S 1.841 -2.82 2.691 -5.054 -1.278 1.184 -6.074 0.837 -0.741 1.73 -2.559 -5.03 0.428 -2.34 -7.129 2.05 1.028 1.534 -4.458 -0.007
2 Y -2.86 -5.38 -2.829 -3.966 -3.857 -1.558 -4.582 -5.374 0.537 1.704 0.933 -5.778 -0.275 2.883 2.483 -4.32 -4.193 1.875 5.275 1.589
3 E -1.376 0.854 -1.292 1.65 -5.936 1.265 2.978 -1.988 0.02 -0.639 -1.515 -0.395 -2.423 -2.243 0.207 -0.002 0.315 0.227 -1.637 -0.284
4 F -3.92 1.333 3.896 -2.951 -6.285 -2.709 -3.617 -2.881 2.186 -3.864 -1.05 0.708 -2.482 5.287 -1.733 -3.992 -3.487 0.194 2.752 -3.936
5 L -1.544 -0.868 -2.232 -2.841 -5.563 0.217 -0.892 -1.769 1.153 0.995 1.044 0.602 -0.28 2.045 -0.688 -0.875 0.785 -1.375 2.102 0.587
6 E 0.482 -0.484 1.323 -0.138 -2.313 1.919 1.443 -2.164 0.238 -0.154 -1.873 -1.893 -1.466 -2.638 0.495 0.195 1.596 -1.987 -1.641 0.343
7 R -0.977 2.59 1.82 -2.429 -5.922 2.106 -0.992 -0.073 2.53 -4.834 -1.048 0.378 -1.397 -0.629 -0.078 -0.433 0.766 -2.416 0.535 -1.363
8 L -4.674 -7.017 -7.007 -8.107 -3.497 -6.509 -7.902 -7.575 -6.772 1.862 4.526 -6.201 4.997 2.576 -8.334 -7.543 -4.842 -6.169 -4.644 1.962