#Seq2Logo.py -f /Users/prmunday/Documents/2023/Immunolyser/app/static/images/e69ab154-9a48-46f9-b480-e5a820464bd2/Test/gibbscluster/9mersonly/cores/gibbs.5of5.core -o /Users/prmunday/Documents/2023/Immunolyser/app/static/images/e69ab154-9a48-46f9-b480-e5a820464bd2/Test/gibbscluster/9mersonly/logos/gibbs_logos_5of5 -I 2 --format [JPEG] -b 200 -C 2 -t Group 5 of 5
Last position-specific scoring matrix computed, values are in halfbits
A R N D C Q E G H I L K M F P S T W Y V
0 S 0.83 0.462 -0.338 -2.57 -2.512 -2.341 -3.342 0.304 -1.369 -0.505 -1.7 0.218 -0.943 1.965 -2.901 2.63 -0.721 -0.379 1.197 0.524
1 A 2.799 -2.852 -2.162 -3.112 -0.386 2.886 -2.782 2.011 -1.135 -1.808 -2.109 -1.892 1.472 -3.772 -4.007 2.267 0.315 -4.348 -3.732 -1.563
2 L -1.466 -4.022 -1.108 -3.563 -1.325 -3.363 -3.781 -2.142 1.7 2.808 1.976 -3.313 -0.423 -1.76 3.011 -3.211 -1.795 -3.99 0.295 2.416
3 E -1.061 0.411 -1.665 -0.507 -2.804 1.375 1.801 -2.91 -0.548 1.034 -0.02 0.374 0.175 -1.366 -2.971 -0.934 0.855 -1.119 -0.802 1.58
4 N -2.84 -2.151 7.117 0.165 -3.616 -2.692 -2.836 -1.314 -0.534 -3.847 -0.725 -1.155 -3.427 -3.96 -4.628 -1.51 -2.272 -4.832 -3.98 -3.965
5 L 0.215 1.265 -1.766 -1.761 -1.532 0.867 -1.588 -1.292 0.933 1.048 0.041 1.274 -1.026 0.298 0.564 -0.898 -0.452 -0.551 -0.844 0.669
6 E -0.936 -2.362 -0.371 2.88 -3.152 2.078 2.566 -3.135 0.441 0.098 -2.466 -1.318 -1.397 -0.944 -2.378 -1.532 1.015 -1.789 0.251 0.569
7 V -0.051 -1.767 -1.034 -1.775 -2.836 0.396 0.978 -2.758 2.91 -2.112 -1.276 -0.693 -1.207 2.153 -1.281 -0.457 1.378 1.144 2.293 1.154
8 L -3.07 -4.314 -5.167 -5.409 -2.221 -4.582 -5.244 -4.805 -4.131 2.845 4.405 -4.442 3.752 1.553 -5.585 -4.917 -3.412 -3.523 -2.601 1.075