#Seq2Logo.py -f /Users/prmunday/Documents/2023/Immunolyser/app/static/images/e69ab154-9a48-46f9-b480-e5a820464bd2/Test/gibbscluster/9mersonly/cores/gibbs.3of5.core -o /Users/prmunday/Documents/2023/Immunolyser/app/static/images/e69ab154-9a48-46f9-b480-e5a820464bd2/Test/gibbscluster/9mersonly/logos/gibbs_logos_3of5 -I 2 --format [JPEG] -b 200 -C 2 -t Group 3 of 5
Last position-specific scoring matrix computed, values are in halfbits
A R N D C Q E G H I L K M F P S T W Y V
0 H -0.276 -1.158 -0.263 -0.675 -1.294 0.064 -0.798 -0.999 4.175 0.124 -1.604 0.232 -1.14 -1.134 0.632 -0.228 0.855 -2.038 1.423 0.756
1 D 0.246 -0.277 -0.314 2.094 -1.454 -0.957 -1.391 -0.159 -1.117 -1.458 -1.002 -1.373 -1.439 1.138 1.696 -0.284 0.057 3.971 0.806 -1.039
2 P -1.323 -0.018 -1.296 1.119 -1.831 0.022 0.515 1.135 -0.965 -0.806 -1.512 -0.06 -1.571 -0.334 2.829 -1.299 -1.086 1.396 1.133 -0.249
3 L -0.868 -1.689 -1.058 -2.624 -1.065 -2.127 -2.509 0.035 1.481 1.404 1.072 0.178 -0.126 1.709 -3.416 -1.703 -0.979 -1.273 2.45 2.018
4 T -0.098 -0.13 1.729 0.202 1.263 -1.638 -1.719 -0.709 -0.854 0.249 -1.554 -1.225 -1.198 0.602 -2.718 1.067 2.239 -1.924 1.234 -0.324
5 P 0.223 -0.86 -1.545 -1.397 -1.269 -0.02 0.698 0.832 -1.319 0.241 -1.264 -1.13 -1.326 -1.871 3.152 0.27 -0.699 1.231 -0.662 0.16
6 G 0.231 0.806 -1.161 -1.301 -1.472 0.719 0.547 1.979 -1.142 -1.838 -0.449 0.912 -1.316 -2.269 1.259 0.352 -0.774 1.215 -2.203 -1.749
7 G 0.981 -0.871 0.643 -1.738 -0.97 -1.76 -1.364 1.682 1.431 -0.244 0.036 -0.888 0.824 0.501 -1.25 -0.22 -0.258 -2.237 -0.195 0.564
8 P -0.606 1.211 -1.56 -0.984 -1.278 -1.349 -1.617 -1.17 0.272 0.524 -1.367 1.586 -1.097 -1.866 2.849 -0.485 -0.713 -2.891 -0.626 1.706