#Seq2Logo.py -f /Users/prmunday/Documents/2023/Immunolyser/app/static/images/e69ab154-9a48-46f9-b480-e5a820464bd2/Test/gibbscluster/9mersonly/cores/gibbs.3of4.core -o /Users/prmunday/Documents/2023/Immunolyser/app/static/images/e69ab154-9a48-46f9-b480-e5a820464bd2/Test/gibbscluster/9mersonly/logos/gibbs_logos_3of4 -I 2 --format [JPEG] -b 200 -C 2 -t Group 3 of 4
Last position-specific scoring matrix computed, values are in halfbits
A R N D C Q E G H I L K M F P S T W Y V
0 S 0.808 0.365 -0.335 -1.806 -2.532 -2.35 -2.919 0.216 -1.386 -0.538 -1.923 0.132 -1.888 2.054 -3.536 2.546 0.066 -0.397 1.183 0.487
1 A 2.831 -2.851 -2.148 -1.855 -0.423 2.946 -2.403 1.991 -1.137 -2.164 -2.166 -1.889 1.446 -3.828 -4.018 2.131 0.285 -4.374 -3.764 -1.851
2 L -1.457 -4.037 -1.409 -2.552 -1.364 -3.367 -3.731 -2.481 1.681 2.797 1.856 -3.304 -0.484 -1.824 3.334 -3.212 -1.817 -4.051 0.268 2.285
3 V -0.75 0.227 -1.723 -0.939 -2.753 1.075 1.615 -2.912 -0.584 1.025 -0.006 0.511 -0.161 -1.108 -2.992 -0.733 0.737 -1.118 -0.455 1.862
4 N -2.807 -1.484 7.132 0.362 -3.666 -2.645 -2.777 -1.075 -0.526 -4.202 -2.202 -1.116 -3.745 -4.188 -4.58 -1.281 -1.208 -4.89 -4.043 -4.165
5 L 0.335 1.23 -2.223 -1.804 -1.548 0.523 -1.209 -1.108 0.761 1.145 0.224 1.195 -1.011 0.523 0.36 -1.433 -0.495 -0.531 -0.178 0.623
6 E -0.798 -2.029 -0.893 2.848 -3.142 1.847 2.481 -3.165 0.413 0.235 -2.66 -1.14 -1.403 -0.357 -2.404 -1.384 0.893 -1.765 0.506 0.668
7 V -0.075 -1.816 -1.082 -2.027 -2.832 0.191 1.149 -2.809 2.887 -2.011 -0.606 -0.917 -1.146 2.201 -2.049 -0.499 1.17 1.128 2.279 1.239
8 L -3.06 -3.981 -5.009 -5.267 -2.285 -4.39 -5.019 -4.741 -4.067 2.802 4.29 -1.39 3.428 1.505 -5.503 -4.83 -3.411 -3.574 -2.643 1.109