#Seq2Logo.py -f /Users/prmunday/Documents/2023/Immunolyser/app/static/images/e69ab154-9a48-46f9-b480-e5a820464bd2/Test/gibbscluster/9mersonly/cores/gibbs.4of4.core -o /Users/prmunday/Documents/2023/Immunolyser/app/static/images/e69ab154-9a48-46f9-b480-e5a820464bd2/Test/gibbscluster/9mersonly/logos/gibbs_logos_4of4 -I 2 --format [JPEG] -b 200 -C 2 -t Group 4 of 4
Last position-specific scoring matrix computed, values are in halfbits
A R N D C Q E G H I L K M F P S T W Y V
0 V 0.776 -1.413 -1.29 -3.038 -2.355 -0.728 -1.471 -1.849 -1.591 1.825 -1.419 0.339 -1.1 -2.165 -3.71 1.911 0.329 -4.468 -2.823 3.179
1 I -1.328 -0.087 2.422 -2.824 -2.836 -1.655 -2.622 -2.087 1.037 2.42 -0.399 -3.111 1.597 -0.058 -3.997 1.261 0.926 4.673 -0.85 -0.652
2 F -2.262 -4.209 -1.458 -1.228 -3.09 -1.57 -3.078 -4.732 -0.523 1.95 1.257 -4.198 -0.073 4.339 -4.522 -3.294 -2.895 3.717 4.541 0.481
3 E -0.917 -0.496 -1.956 0.896 -3.446 1.498 3.15 -0.191 -1.761 -1.368 -2.275 -0.961 -1.775 -2.555 2.397 -0.47 0.221 1.671 -0.935 -1.668
4 R -1.65 4.259 -1.892 -2.346 -3.743 0.034 0.026 -0.713 3.282 -2.782 -0.976 3.357 -2.972 -3.942 -3.746 -2.236 -0.989 1.458 -3.271 -1.715
5 F -1.364 -2.422 -2.492 -2.265 -3.013 -0.749 0.667 -0.246 0.761 0.32 1.177 0.138 -0.99 3.594 -4.968 -1.521 0.518 -1.46 1.551 0.235
6 L 0.799 -0.216 0.174 -2.862 -2.661 -0.239 0.502 -2.217 -0.171 0.679 0.838 -2.013 -0.096 -0.518 -0.798 0.18 0.177 1.255 -1.484 1.639
7 N -0.344 0.568 2.872 -0.624 -3.255 2.972 -1.101 1.4 0.654 -2.449 -0.106 -1.612 -1.019 -3.263 -1.184 -0.214 -0.865 -4.035 0.879 -1.637
8 L -2.793 0.585 -3.899 -5.105 -2.502 -3.931 -4.708 -5.021 -3.783 1.083 3.537 -1.245 5.325 1.375 -5.498 -4.59 -3.026 -3.712 -2.809 1.913