#Seq2Logo.py -f /Users/prmunday/Documents/2023/Immunolyser/app/static/images/e69ab154-9a48-46f9-b480-e5a820464bd2/Test/gibbscluster/9mersonly/cores/gibbs.1of3.core -o /Users/prmunday/Documents/2023/Immunolyser/app/static/images/e69ab154-9a48-46f9-b480-e5a820464bd2/Test/gibbscluster/9mersonly/logos/gibbs_logos_1of3 -I 2 --format [JPEG] -b 200 -C 2 -t Group 1 of 3
Last position-specific scoring matrix computed, values are in halfbits
A R N D C Q E G H I L K M F P S T W Y V
0 V 0.537 -0.759 -0.919 -3.379 -2.686 -0.365 -1.85 -3.129 -1.362 1.826 -0.974 -0.54 -0.995 -1.956 -4.844 2.266 0.783 -4.723 -2.533 3.044
1 S -1.153 -0.657 2.858 -3.46 -1.7 -2.359 -2.948 -1.442 1.104 2.082 -0.545 -3.446 0.511 -0.332 -4.287 2.119 0.855 4.418 -1.669 -0.58
2 L -2.313 -3.791 -1.971 -1.861 -3.396 -0.71 -3.322 -4.207 -0.184 1.47 1.507 -3.792 1.2 3.343 1.275 -2.972 -2.841 3.193 4.25 0.285
3 E -0.46 -0.802 -1.623 1.952 -3.752 0.847 2.679 -0.704 0.933 -2.394 -1.827 -0.396 -1.584 -0.969 1.958 -0.25 -0.428 1.208 -0.897 -1.509
4 R -2.338 4.17 -1.958 -1.794 -4.068 0.127 -0.03 -0.272 2.399 -2.866 -1.327 3.135 -2.636 -3.062 0.669 -2.046 -0.92 -0.86 -2.51 -2.1
5 F -2.201 -2.875 -2.544 -2.81 -3.469 -1.195 -0.092 -1.31 1.407 -0.154 0.822 -0.18 0.265 4.248 -3.301 -2.148 0.513 -2.794 3.716 -0.408
6 P 0.333 -0.167 0.164 -2.869 -3.082 -0.664 -0.427 -2.083 -2.973 0.161 0.734 -2.124 0.039 -1.017 2.777 0.55 0.515 0.75 -1.799 0.754
7 G -0.658 0.443 2.323 -0.687 -3.661 2.648 -1.22 1.404 0.748 -3.722 -0.38 0.111 -2.571 -2.72 1.507 -0.18 -0.761 -4.527 0.458 -2.34
8 L -3.146 -0.726 -4.414 -5.591 -2.753 -3.833 -5.238 -5.471 -4.334 1.064 4.138 -2.103 4.763 0.993 -5.892 -5.055 -3.025 -4.096 -3.223 2.157