#Seq2Logo.py -f /Users/prmunday/Documents/2023/Immunolyser/app/static/images/e69ab154-9a48-46f9-b480-e5a820464bd2/Test/gibbscluster/9mersonly/cores/gibbs.1of2.core -o /Users/prmunday/Documents/2023/Immunolyser/app/static/images/e69ab154-9a48-46f9-b480-e5a820464bd2/Test/gibbscluster/9mersonly/logos/gibbs_logos_1of2 -I 2 --format [JPEG] -b 200 -C 2 -t Group 1 of 2
Last position-specific scoring matrix computed, values are in halfbits
A R N D C Q E G H I L K M F P S T W Y V
0 S 0.498 0.14 -0.184 -2.359 -3.02 -2.088 -2.527 -0.542 -0.146 -0.299 -1.319 -0.141 -0.65 2.116 -4.111 2.733 0.435 -1.096 0.57 0.468
1 A 2.656 -3.051 -2.116 -2.123 -0.193 2.482 -3.044 2.037 -1.214 -2.403 -2.963 -2.499 0.862 -2.539 -4.553 2.692 0.607 0.449 -4.058 -1.437
2 P -1.853 -3.374 -1.669 -2.356 -2.026 -3.507 -3.7 -2.735 1.255 2.391 1.565 -2.958 -0.127 -1.452 4.25 -2.602 -2.112 -4.62 0.303 1.896
3 E -0.962 -0.104 -1.075 0.113 -3.315 0.886 1.76 -2.721 0.328 0.488 -0.395 0.085 -0.461 -1.352 -1.936 0.151 0.758 -0.813 -0.486 1.581
4 N -2.743 -0.714 6.54 -0.188 -4.002 -2.791 -1.65 -0.653 0.65 -3.42 -0.411 -1.621 -3.256 -1.775 -1.182 -1.661 -1.273 -5.048 -2.712 -3.593
5 L -0.269 0.788 -1.749 -1.825 -3.411 0.24 -1.438 -1.207 1.035 0.799 -0.0 0.872 -0.96 1.131 0.285 -0.729 -0.76 -1.975 2.941 0.191
6 E -0.662 -1.302 -0.186 2.385 -3.563 1.18 2.202 -2.114 -0.085 -0.227 -1.836 -1.517 -1.452 -1.033 0.663 -0.765 0.918 -2.5 -0.167 0.418
7 P -0.325 -0.66 -1.121 -2.369 -3.469 0.585 0.582 -2.818 3.002 -2.936 -1.345 0.235 -1.856 1.409 1.911 -0.164 0.719 0.348 1.822 0.661
8 L -3.545 -4.47 -5.505 -5.769 -2.77 -4.872 -5.504 -5.272 -4.577 2.617 4.416 -1.364 3.652 1.357 -5.996 -5.316 -3.888 -4.096 -3.175 1.462