#Seq2Logo.py -f /Users/prmunday/Documents/2023/Immunolyser/app/static/images/e69ab154-9a48-46f9-b480-e5a820464bd2/Test/gibbscluster/9mersonly/cores/gibbs.1of5.core -o /Users/prmunday/Documents/2023/Immunolyser/app/static/images/e69ab154-9a48-46f9-b480-e5a820464bd2/Test/gibbscluster/9mersonly/logos/gibbs_logos_1of5 -I 2 --format [JPEG] -b 200 -C 2 -t Group 1 of 5
Last position-specific scoring matrix computed, values are in halfbits
A R N D C Q E G H I L K M F P S T W Y V
0 V -0.248 -0.039 -0.835 -2.924 -2.243 -0.559 -2.068 -3.083 -0.81 1.772 -0.633 -0.987 -0.468 -1.394 -4.443 2.244 0.675 -4.249 -2.573 3.079
1 S -0.922 0.246 2.55 -2.162 -1.141 -2.264 -3.543 0.381 0.603 1.891 -0.948 -2.881 0.024 -0.554 -4.603 2.209 -0.114 3.346 -2.299 0.134
2 L -1.257 -3.057 -2.383 -1.438 -2.817 0.022 -2.566 -2.956 0.641 1.068 1.634 -2.294 1.691 0.643 2.744 -1.629 -2.183 1.613 3.099 0.472
3 E -0.88 -1.235 -0.745 2.398 -3.286 -1.385 2.215 0.859 1.232 -3.085 -2.6 -0.712 -1.797 -1.116 2.594 0.299 -0.012 -0.756 -2.73 -1.713
4 R -1.373 2.885 -1.265 -1.358 -3.285 -0.133 -0.146 0.345 1.955 -1.378 0.3 0.824 -2.592 -1.987 1.837 -1.827 -0.87 1.54 0.343 -1.036
5 F -3.157 -2.725 -0.608 -2.146 -3.189 -2.233 -3.221 -0.457 1.969 -0.829 0.654 -2.553 0.994 4.679 -1.939 -3.253 -0.937 1.901 4.627 -0.922
6 P 0.243 1.06 -2.713 -2.764 -2.753 0.141 -0.749 -0.275 -0.015 -1.103 -0.363 -1.167 0.077 -2.348 3.649 0.744 1.388 -4.508 -2.467 -1.234
7 P -1.244 1.56 1.467 -0.987 -3.365 2.172 -1.382 0.581 1.827 -3.539 -1.561 1.828 -1.624 -3.291 2.941 -0.162 -1.729 -4.595 -2.781 -1.99
8 L -2.667 -4.217 -4.143 -5.34 -2.178 -3.648 -5.099 -5.144 -4.153 1.594 4.459 -4.35 3.892 0.548 -5.521 -4.774 -2.91 -3.682 -2.853 2.276