#Seq2Logo.py -f /Users/prmunday/Documents/2023/Immunolyser/app/static/images/e69ab154-9a48-46f9-b480-e5a820464bd2/Test/gibbscluster/9mersonly/cores/gibbs.3of3.core -o /Users/prmunday/Documents/2023/Immunolyser/app/static/images/e69ab154-9a48-46f9-b480-e5a820464bd2/Test/gibbscluster/9mersonly/logos/gibbs_logos_3of3 -I 2 --format [JPEG] -b 200 -C 2 -t Group 3 of 3
Last position-specific scoring matrix computed, values are in halfbits
A R N D C Q E G H I L K M F P S T W Y V
0 S 0.805 0.39 -0.371 -1.826 -2.596 -1.926 -2.562 0.052 -0.815 -0.605 -1.987 0.301 -1.94 2.0 -2.945 2.581 -0.272 -0.454 1.138 0.405
1 A 2.937 -2.906 -2.196 -1.585 -0.468 2.902 -2.439 1.961 -1.185 -2.228 -2.43 -1.933 1.396 -3.9 -2.746 2.038 0.237 -4.433 -3.817 -1.898
2 L -1.479 -4.05 -1.437 -2.58 -1.406 -3.077 -3.743 -2.185 1.635 2.742 1.719 -3.316 0.076 -1.889 3.345 -2.911 -1.843 -4.098 0.219 2.333
3 V -1.065 0.168 -1.738 -0.985 -2.763 1.024 1.507 -2.566 -0.636 1.082 -0.096 0.33 -0.204 -1.155 -3.031 -0.206 0.924 -1.17 -0.503 1.887
4 N -2.53 -2.224 7.091 0.298 -3.639 -2.736 -2.859 -0.545 -0.599 -4.151 -1.939 -1.418 -3.727 -4.182 -4.613 -1.316 -0.844 -4.908 -4.083 -4.121
5 L 0.289 1.288 -2.246 -1.535 -1.604 0.481 -1.244 -1.381 0.988 1.09 0.082 1.059 -1.073 0.51 0.484 -1.299 -0.536 -0.545 0.558 0.586
6 E -0.875 -1.729 -0.671 2.834 -3.194 1.911 2.466 -2.428 0.365 0.171 -2.733 -1.161 -1.459 -0.434 -2.448 -1.546 1.027 -1.839 0.208 0.54
7 V -0.005 -1.883 -1.139 -2.086 -2.882 0.135 1.046 -2.315 2.833 -2.094 -0.911 -1.015 -1.233 2.139 -0.291 -0.744 1.106 1.064 2.222 1.266
8 L -3.08 -3.955 -4.984 -5.261 -2.323 -4.357 -4.995 -4.754 -2.761 2.732 4.244 -1.197 3.672 1.315 -5.514 -4.828 -3.433 -3.631 -2.705 1.182